-2111406180,-2111406180,0
-2111406179,0,-2111406179
2147483647,0,0
0,-2111406180,-2111406180
0,-1325924353,0
0,0,-11534337
0,-1,0
0,0,0
-11534337,0,0
0,2147483647,0
-2111406180,0,-2111406180
0,0,2147483647
0,0,-1
-1,0,0
0,26,0
0,0,22
-2111406179,-2111406179,0
0,-2111406179,-2111406179
0,-11534337,0
-536870913,0,0
-2147483648,0,0
-536870913,1,0
805306367,0,1
-328443470,1983261913,0
844054914,-1303428733,0
1717708864,107356804,0
-2111406179,-345204541,0
-1057105760,101183173,0
-2147483648,1,0
-2111406179,-36077469,0
88558757,476915907,422208614
-172702272,-172702272,0
1850773820,0,925386910
1564999679,0,-2147483648
-2111406179,72154938,0
-2111406179,0,72154938
-2147483648,-2147483648,0
1203471688,1203471688,0
-2144481316,3002332,0
-2111406180,-29523868,0
-1,-2147483648,0
-1990530024,288054659,0
-536870911,0,268435455
-1214292768,-1214292768,0
-1612323616,-1612323616,0
-985498464,-985498464,0
-2111406180,0,-703802060
-2111406179,-2111406179,-1
1879048192,166497,0
-2147483648,0,1115
1237319681,-618659841,0
-2111406180,-2111406180,1
-2111406179,-2135457825,0
2019455812,504863953,0
-896481824,424810684,0
1,-2147483648,0
988044960,0,0
-346284844,0,0
32768,0,0
1,0,-2147483648
-1,22,0
-1,0,8
-2143590878,0,3892770
-2111406179,0,-29589405
71172180,569377440,0
2024784384,7909314,0
-1,0,-2147483648
-2541,-1332046134,0
249958705,-295628016,0
621871104,9489,0
443538568,1774154274,0
13612370,-810200576,0
-1710576711,-1710576711,0
524288,1048576,0
-472453936,-1889815744,0
-1868646688,0,-1868646688
1074971667,0,1074971667
-2,-2147483648,0
-356120832,0,-356120832
-585191360,0,-585191360
-654023229,0,-654023229
2107731088,0,-79505119
1203471688,0,-1888023920
480888796,0,1923555184
2024784384,0,7909314
197543661,1580349288,0
2019455812,0,504863953
-896481816,0,424810685
289832797,289832797,0
-1930576560,0,147774421
-2111406180,0,763174116
-1057105760,0,101183173
1203471688,-1888023920,0
-2147483648,0,-2147483648
-2147483648,0,1
22609920,90439680,0
1068575073,0,1068575073
-2111406180,0,2111406180
1028587520,0,15695
-106611124,-1705777984,0
50320659,0,805130544
-3047442,-780145152,0
13612368,0,-810201088
1073741823,0,1073741824
-1433280032,0,-1433280032
-565530490,1,-1131060980
-1182827808,0,-1182827808
524288,0,1048576
-472453936,0,-1889815744
-211355621,0,-1690844968
-106611123,0,-1705777968
0,-2147483648,0
0,-2147483648,1
4,2,0
512,0,9
16,3,0
268435456,0,27
1572864,19,0
201326592,0,26
128,5,0
536870912,0,27
2097152,18,0
536870912,0,26
262144,14,0
32768,0,11
992,5,0
-268435456,0,28
32,0,0
-2147483648,26,0
-262144,18,0
-16777216,0,24
524287,13,0
3,0,30
1073741823,0,0
536870911,0,0
268435455,0,0
-1073741824,0,0
16776960,0,0
-536870912,0,0
-268435456,0,0
-134217728,0,0
-8388608,0,0
-16,4,0
-256,0,8
262143,13,0
268435455,0,3
134217727,0,0
8388607,0,0
65535,0,0
1983261913,-328443470,0
0,13612368,-810201088
0,2109401846,38081801
0,-155517727,-155517727
0,-244915,-2006336464
0,1678253024,1678253024
0,524288,1048576
0,413862465,1655449860
0,-168068589,-1344548712
0,61198712,979179392
0,2033172,520492032
0,1048560,0
2,4,0
0,4,2
6,128,0
0,-2147483648,30
15,98304,0
0,3145728,20
29,-2147483648,0
0,-2147483648,29
11,16384,0
0,262144,15
13,131072,0
0,524288,15
26,2080374784,0
0,-134217728,27
0,32,0
0,268435456,23
18,-262144,0
0,-33554432,25
29,7,0
0,524287,13
0,1073741823,0
0,-4,29
0,536870911,0
0,268435455,0
0,-1073741824,0
0,16776960,0
0,-536870912,0
0,-268435456,0
0,-134217728,0
0,-8388608,0
31,-2147483648,0
0,-16,4
17,16383,0
0,134217727,4
0,134217727,0
0,8388607,0
2,262140,0
0,1048560,4
801785014,0,1603570028
-2147483648,0,-2
0,801785014,1603570028
0,-2147483648,-1895825409
72154936,0,-2111406180
0,72154938,-2111406179
-2111406180,-1,-2111406180
2147467198,0,2147467198
1203471688,0,1203471688
1927282687,0,440401921
-2111406180,1,-2111406180
1,0,-388427460
-703802060,0,-2111406180
24176238,0,96704952
424810684,0,-896481824
147774421,0,-1930576560
-345204541,0,-2111406179
61205217,0,1958566944
2111406180,0,-2111406180
-29589405,0,-2111406179
0,-405293121,-659251071
0,1,2100543559
0,-703802060,-2111406180
0,504863953,2019455812
0,424810685,-896481816
3002332,0,-2144481316
1550330285,565339682,2111459215
0,0,1424448784
206573585,-1940910064,0
0,536870911,1
0,-328443472,1983261912
0,-1879048193,268435456
72154938,-2111406179,0
0,-2111406180,72154936
-2111406180,-2111406180,-1
-258,-258,0
-134217729,268435457,0
56381185,452984832,0
-703802060,-2111406180,0
24176238,96704952,0
424810684,-896481824,0
63383335,1014133360,0
763174116,-2111406180,0
61205217,1958566944,0
-36077469,-2111406179,0
-29523868,-2111406180,0
0,1,0
0,1204100798,1
1068575073,-1078908575,0
210092542,0,0
0,-1338747460,0
413303560,230131675,353699027
1073741824,1073741823,0
-678804126,1579750792,0
-1570851040,-1570851040,0
366223007,1464892028,2
12105591,-1195936000,0
15695,1028587520,0
-904995263,1694986016,0
-389352576,-389352576,0
-1287794618,-1287794618,0
2137150146,1068575073,0
1923555184,480888796,0
569377440,71172180,0
1652759824,103297489,0
-810201088,13612368,0
628516448,628516448,0
0,17,-131072
13,0,524287
0,29,7
0,0,-2147483648
3,0,-268435456
0,0,1073741823
0,0,536870911
0,0,268435455
0,0,-1073741824
0,0,16776960
0,0,-536870912
0,0,-268435456
0,0,-134217728
0,0,-8388608
27,0,-134217728
2,0,536870911
0,1,1073741823
0,0,134217727
-2029631362,-7928248,0
1796255444,898127722,1
1048576,524288,0
0,-16239266,0
1655449860,413862465,0
1580349288,197543661,0
979179392,61198712,0
0,1652555777,-826277889
520492032,2033172,0
0,-2111406179,-2135457825
0,96704952,24176238
0,-896481816,424810685
0,1717708864,107356804
0,-2111406179,-345204541
0,-1057105760,101183173
0,-2147483648,-2147483648
0,3002332,3002332
0,-2111406180,2111406180
0,-944011960,1203471688
0,-2111406180,-29523868
0,-1,-2147483648
4,-1,0
0,-1,12
1,807205526,403602763
0,-1060976768,-1060976768
0,-1206572768,-1206572768
0,-236541280,-236541280
0,2012822240,2012822240
0,-447978880,-447978880
0,1203471688,-1888023920
0,22609920,90439680
0,2024784384,7909314
0,71172180,569377440
0,1028587520,15695
0,222745875,-731033296
0,0,524280
0,0,1048560
0,0,2031600
9,0,512
0,20,1048576
15,0,65536
0,29,1073741824
31,0,-2147483648
0,4,48
25,0,134217728
0,13,32768
11,0,16384
0,27,1073741824
14,0,262144
0,13,131072
4,0,496
0,12,126976
25,0,1073741824
0,7,4096
0,0,32
16,0,-65536
0,6004666,3002333
0,90439680,22609920
0,569377440,71172180
0,7909314,2024784384
0,1403551371,1403551371
0,48400816,3025051
0,9489,621871104
0,1814658593,907329296
0,-1513871808,-94616988
0,1048576,524288
0,-1889815744,-472453936
0,16777216,2130706431
0,0,131070
0,1580349288,197543661
0,979152896,61197056
0,520492032,2033172
30,0,0
0,2,0
1073741824,0,1073741823
-835812336,0,-2079326208
260049976,1,520099952
388345216,0,388345216
7909314,0,2024784384
9489,0,621871104
831571776,0,831571776
-1729784359,0,-1729784359
-688164094,0,1803401601
6004666,0,3002333
-336758556,0,989552185
-1290576112,0,187774449
-810201088,0,13612368
-243513568,0,-243513568
-1183825920,3,-147978240
-1977317256,0,-7723896
-1110041846,0,-555020923
0,107356804,1717708864
0,-345204541,-2111406179
0,101183172,-1057105792
0,-36077469,-2111406179
0,0,-1788587217
1,1100667703,-2093631890
-1889815740,0,-472453935
1580349288,0,197543661
979152896,0,61197056
0,1073477628,-1074006020
0,3002333,-2144481315
0,-29523868,-2111406180
0,169132674,0
0,-1811832480,-1811832480
520492032,0,2033172
1,-1257276542,1518845377
0,382041440,382041440
0,1211535584,1211535584
0,-1515905024,-1515905024
1,0,0
2097152,21,0
131072,0,17
0,0,8388607
30,0,-1073741824
0,1,131070
0,1,-2147483648
0,21,2097152
0,0,1
30,0,1073741824
-34668544,-1,0
23,0,0
0,1,1
0,23,0
12,4096,0
0,2097152,21
0,0,23
-2147483647,0,0
0,0,131072
-2,0,0
-4,0,0
-8,0,0
-16,0,0
2147483646,0,0
2147483644,0,0
2147483640,0,0
2147483632,0,0
0,65535,0
0,-2147483647,0
0,-2,0
0,-4,0
0,-16,0
0,-32768,0
0,0,65535
0,-8,0
0,2147483646,0
0,2147483644,0
0,1131937792,0
0,0,-2
0,0,-4
0,2147483640,0
0,0,-8
0,2147483632,0
0,0,-16
0,-671088640,0
0,0,-1816133632
0,0,134217728
0,0,2147483646
0,0,2147483644
0,0,2147483640
0,0,2147483632
0,0,-1029046272
-2147483632,0,0
-2147483646,0,0
-32,0,0
65534,0,0
2147483616,0,0
0,65534,0
0,0,65534
0,1237123072,0
0,-32,0
0,2147483616,0
0,0,-32
0,0,-2147418112
0,0,2147483616
65533,0,0
0,-2147483623,0
0,0,2147483645
0,0,-2147483646
0,0,-2147483622
0,0,-2089025536
0,2147483645,0
-3047442,0,-780145152
2031600,0,0
65532,0,0
0,0,65532
0,-2013200384,0
0,0,722796544
0,0,65528
0,65532,0
0,1744830464,0
0,0,3
-2147483634,0,0
0,0,-2147483635
0,0,65520
4,0,0
2,0,0
0,754974720,0
8,8,0
0,4,0
0,0,4
2147483622,0,0
2147483617,0,0
0,2147483626,0
0,2147483623,0
0,0,2147483643
0,0,2147483627
2147434496,0,0
0,2147434496,0
0,0,2147434496
12582911,0,0
0,8,0
0,-578420737,0
0,12582911,0
0,0,69206015
0,0,-65537
1431655765,2147483647,0
-1423092395,2147483647,0
1,-1,0
-1,1,0
-1,0,1
8,0,0
1,1,0
1431655767,0,0
5,0,0
7,0,0
19,0,0
28,0,0
-3,0,0
2147483645,0,0
65531,0,0
2147483647,0,1431655765
2147483647,0,-1303042926
0,16,0
0,-1431655764,0
0,6,0
0,9,0
0,31,0
0,-3,0
0,2147483643,0
0,65533,0
2147483647,1431655765,0
2147483647,-1303730862,0
0,0,16
0,0,1431655767
0,0,5
0,0,10
0,0,31
0,0,-2147483647
0,0,-3
0,0,2147483639
0,0,65533
-1431655765,0,0
0,-1431655765,0
0,0,-1431655765
-2147483645,0,0
-2147483640,0,0
0,3,0
33,0,0
1431655766,0,0
0,1431655766,0
65536,0,0
-2147483630,0,0
0,-2147483646,0
0,-2147483645,0
0,-2147483642,0
0,0,-1431655764
0,-2147483632,0
0,33,0
1,0,4
0,1,8
0,0,-2147483645
1,0,32
1,0,2147483647
1,0,65535
40,0,0
0,40,0
0,0,40
0,-2147483641,0
10,0,0
0,65536,0
-1,2,0
-1,8,0
-1,32,0
-1,31,0
-1,65535,0
-1,0,4
-1,0,12
-1,0,32
-1,0,31
-1,0,65535
-1,0,16
-1,2147483647,0
-1,-1,0
-1,3,0
1409286143,4,0
-3,0,3
337969151,0,4
-2,0,8
-1,-2,-1
0,-1,-1
-1,0,2147483647
71303167,0,65535
-2111700225,0,4
-2147483624,0,0
0,0,-2147483640
0,0,33
-1434658124,65535,0
-1434658124,0,65535
-1610612737,32,0
-1610612737,0,32
3,1,0
0,10,0
-2147483644,0,0
8,0,1
-2147483617,0,0
32,1,0
2147483647,1,0
1,2147483647,0
65535,1,0
0,2147483647,1
0,2,1
0,-2147483644,0
0,8,1
1,32,0
1,65535,0
0,1,3
-1431661227,2147483647,0
1431655786,2147483647,0
2,-1,0
3,-1,0
-1433054035,65535,0
8,-1,0
32,29138620,0
31,-1,0
2147483647,-1,0
1427188394,0,4
65535,1394566673,0
1519737706,31,0
-631855830,2147483647,0
1384819373,2147483647,0
1255449925,0,31
65535,-1,0
1420110517,0,2147483647
-1789221462,0,2147483647
1432016170,0,65535
0,-1,2147483647
0,-1,2
0,-1,8
0,-1,16
1246403285,31,0
1790290605,2147483647,0
-1252872878,0,4
0,-1,3
714429781,2147483647,0
693286061,0,31
-1788171606,65535,0
1833743784,0,65535
1302702507,0,4
-1452649043,0,31
0,-1,32
-1431661227,0,2147483647
1428858518,0,2147483647
1420442326,8,0
0,-1,65535
-2147483648,2,0
-1386901158,0,65535
1381083818,31,0
-715827883,31,0
32,-1,0
-1431655722,65535,0
-1431655659,65535,0
-1452463531,0,4
1521134421,65535,0
-1403856294,0,65535
65535,-1434658124,0
0,-1434658124,65535
0,-1,24
-1783982762,32,0
32,-1610612737,0
-1398098262,0,32
0,-1610612737,32
1431655765,0,4
-715827883,0,31
-2147483648,0,2
16,-1,1
-1968592022,0,2147483647
-2147483648,0,3
1419076906,32,0
714429781,0,2147483647
1423289685,0,32
3,-341591297,0
-1788171606,0,65535
0,-341591297,3
-1433054043,0,4
-1433053867,65535,0
-1420469595,32,0
-1789569710,0,4
-1229673644,65535,0
-1386917195,0,4
-1789569707,0,32
2147483647,0,-1
-1,0,-1
-1465166491,0,65535
-1385848651,8,0
-1790368363,0,4
-1525322923,0,32
-1433053867,0,65535
2147483647,1386911146,0
0,2147483647,-1
-1789569710,32,0
1830120789,0,32
0,65535,1394566673
1914910085,0,4
3,0,-1
-1454025387,65535,0
5,0,-5
0,2,-1002439745
16,0,-1
3,-1839896426,0
0,2,-1
-1454025387,0,65535
32,0,-1
65535,0,-1
-1789569710,0,32
5,0,-1
32,0,29138620
65535,0,1394566673
0,2,-8389633
1723974950,0,4
0,8,-1
-1834396246,32,0
0,32,-1
0,49312,-1
-1532145006,65535,0
1436855114,0,65535
6,0,-1
352288053,32,0
352288053,0,32
0,-1420382891,3
0,716616874,8
0,-1456298678,31
0,1430959317,2147483647
0,-1789572438,2147483647
0,1428772261,65535
24,0,-1
3,1523881366,0
65535,0,-1434658124
0,65535,-1434658124
0,-1538742954,3
32,0,-1610612737
0,32,-1610612737
32,1252739749,0
2147483647,-1386917206,0
0,2,982634799
65535,-1783976662,0
1308927694,32,0
-694826004,0,32
0,31,-1
0,65535,-1
3,1431655606,0
32,1519826074,0
8,0,-1
65535,1420469414,0
2,-2147483648,0
0,1431652946,8
8,-2147483648,0
16,-2147483648,0
-1431655774,65535,0
-1431655774,0,65535
0,-2147483648,2
3,1521110441,0
32,1800709418,0
0,-1565906326,3
0,1788498602,32
-7,0,0
-12,0,0
-24,0,0
0,1792362826,8
65535,1432004946,0
0,-1429640494,65535
32,-1785386326,0
0,-1431743150,32
65535,1532319066,0
0,1252747946,65535
2147483647,0,-1431982763
0,2147483647,1252709717
6,0,-1438033226
32,0,-1437158571
2147483647,0,1234545325
65535,0,-1431661931
0,2,-1438291239
0,8,-1470847659
0,32,-1523929942
0,2147483647,-1252698795
0,65535,-1454025142
6,0,1419093334
0,2,-1430951766
32,0,-1521177943
65535,0,-1433843163
0,2,715695434
0,8,1252678325
0,32,559164074
0,65535,-1960131179
196606,0,0
1,0,1
248,0,0
524280,0,0
1048560,0,0
976,0,0
2031585,0,0
1024,0,0
2031616,0,0
0,0,8
1,0,-1
2147418112,0,0
2147483643,0,0
2147483639,0,0
2147483631,0,0
2147483615,0,0
453190368,2,0
453190370,1,0
946011002,946010994,0
453190368,0,2
510,0,513
0,1,-1
16777215,0,0
134217728,0,0
8388608,0,0
32767,0,0
-3,-1015463036,0
-2111406211,-2111406180,0
0,-7,0
0,-12,0
0,-21,0
0,-33,0
0,-65535,0
0,-743309592,-3
0,3,-1
0,4,-1
-1834399383,65535,0
1431660885,0,65535
2,759169023,0
-1,1303803197,0
-1789569707,32,0
-33,0,0
-65535,0,0
1073741824,-3,0
-291717314,0,-3
-2111406180,-2111406177,0
-2111406179,-2111406148,0
-2111406180,0,-2111406149
45827703,45827701,0
1358285783,1358285784,0
400738890,400738898,0
-1223342302,0,-1223342296
-1568489170,0,-1568489168
480235037,480235039,0
24,0,0
-2147483633,0,0
-2147483618,0,0
0,-2111406180,-2111406211
0,-2111406179,-2111406148
513696497,513696499,0
-1223342296,-1223342302,0
-1057105760,-1057105729,0
0,1858509754,1858509755
0,916302707,916302705
0,400738890,400738898
0,-1057105729,-1057105760
0,24,0
0,131070,0
4,0,-1
31,0,-1
0,-1431128907,3
0,311515730,8
-1532273991,65535,0
0,1431623317,32
-1431983251,0,65535
0,0,6
0,-1381853867,65535
2147483647,-1431661227,0
3,1431481002,0
32,-1428597419,0
2147483647,1453675178,0
65535,-1454559846,0
0,-1428900181,3
0,-1431655595,8
0,-1433064789,31
0,-1431661227,2147483647
0,1431655762,2147483647
0,-1765104310,65535
3,-1433053867,0
32,1431655765,0
65535,-1433053867,0
3,1066648902,0
0,1450081254,3
0,-1433053867,3
0,1431655765,8
0,-1789569707,32
0,-1433053867,65535
0,1430956629,8
2147483647,-1431655782,0
32,-1431655774,0
2147483647,714429781,0
65535,-1788171606,0
0,-1431655774,8
0,-715827883,31
0,-1789569710,2147483647
0,714429781,2147483647
0,-1788171606,65535
3,357215560,0
32,-1430956331,0
65535,-1436194134,0
3,391993084,0
0,-624551111,3
0,-1431645478,3
0,-1429034326,8
0,-1462323923,32
0,-1421167318,65535
0,-1454057814,8
3,-1431655774,0
32,1247106202,0
0,-1431655774,3
0,-1252698454,32
0,-1431655766,8
65535,-1452628651,0
0,-1431655766,65535
32,352288053,0
0,352288053,32
65535,-1431655774,0
0,-1431655774,65535
2147483647,0,-1385507510
5,0,-1525504683
2,0,-2147483648
0,8,-1252308311
4,0,-2147483648
0,2,1433094485
0,4,-2147483648
32,0,1756058954
0,32,-1428514123
8,0,-1834854990
0,8,1454730069
65535,0,-1432016279
0,65535,1386835242
32,0,1264233132
0,32,-1294251694
65535,0,-1432048983
0,65535,-1532407115
0,-2147483618,0
0,196605,0
0,248,0
0,524280,0
0,-2111406180,2111406196
0,1151225864,1151225879
0,2147483617,0
0,2031588,0
0,-2111406179,2111406210
0,28,0
0,2097120,0
0,0,2
0,2147418112,0
6,0,0
0,2147483639,0
0,2147483631,0
0,2147483615,0
0,65531,0
0,1,2147483647
2,453190368,0
4,444698976,0
453190370,453190386,0
-1150241337,-1150241368,0
0,453190370,1
0,262141,0
0,1048568,0
0,7936,0
0,16777215,0
0,1073741824,0
0,536870912,0
0,134217728,0
0,8388608,0
3,1230154453,0
32,-1789569710,0
0,-1521134262,3
0,-1789569710,32
0,1230318933,8
0,2147483647,-1800743259
5,0,-1433053867
32,0,-1431655774
2147483647,0,714429781
65535,0,-1788171606
0,2,-1431655774
0,8,-1431655774
0,31,-715827883
0,2147483647,714429781
0,65535,-1788171606
-3,0,1838214702
-2111406211,0,-2111406180
0,-1,1
0,-2111406211,-2111406180
0,0,-6
0,0,-12
0,0,-27
0,0,-60936
-2111406176,0,-2111406179
0,-2111406148,-2111406179
65535,-1454025387,0
0,-1454025387,65535
32,-926399904,0
0,-1925178460,32
6,0,528744888
1358285784,0,1358285783
1358283000,0,1358282999
-1057105760,0,-1057105729
0,1795525640,1795525642
0,400738898,400738890
0,-2147483640,0
-2147483616,0,0
0,11,0
20,0,0
0,0,-2147483644
1,2,0
-1108378657,0,0
34,0,0
-5,0,0
65527,0,0
2,1,0
0,831283993,0
0,15,0
0,30,0
0,-5,0
0,65527,0
2,0,1
2147483647,0,1
0,0,18
0,34,0
0,0,34
0,0,-9
0,0,2147483631
0,0,65531
0,-1108378657,0
0,0,-1108378657
-831283992,0,0
0,-831283992,0
0,0,-1524020653
-1,0,5
-1,16,0
-268435457,0,6
-6,0,0
-9,0,0
-17,0,0
-31,0,0
-65536,0,0
-1,0,6
62,0,0
131070,0,0
196605,0,0
-1644865537,0,6
196608,0,0
130,0,0
368,0,0
275968,0,0
786432,0,0
768,0,0
1008,0,0
2097120,0,0
2147418113,0,0
-106075840,16,0
-5,0,6
-2147418113,0,0
1,16,0
0,-2147483616,0
0,-2147418113,0
0,0,-2147483632
0,0,-2147483617
0,0,-2147483616
0,0,-2147418113
-1386960043,16,0
1453959509,16,0
6,-1,0
9,-1,0
-1431655774,16,0
-1431655787,0,5
1252349290,0,6
1247095466,0,16
2147483633,0,0
-2147450880,0,0
693458261,0,16
12,-1,0
2147483641,0,0
65528,0,0
-1433053867,0,5
2048,0,0
-15,0,0
-65534,0,0
1048568,0,0
-2147483641,0,0
0,-17,16
1431655765,16,0
16383,0,0
672486935,0,6
444698976,4,0
444698976,8,0
16777088,0,0
453190368,31,0
444698976,32,0
-1386830507,0,5
604867392,2147483647,0
453190368,65535,0
-1431655755,16,0
453190370,0,1
453190372,0,-2147483647
453190368,0,31
453190368,0,32
453190368,0,2147483647
-2147483648,0,65535
0,-6,0
0,-9,0
0,-17,0
0,2031585,0
-1431645019,16,0
0,2147418113,0
0,6,-1
0,12,-1
-1429645994,0,6
1380604521,0,16
0,9,-1
0,-31,0
0,5,-1
0,16,-1
0,-65536,0
0,62,0
0,16,536870911
0,131071,0
0,65537,0
710235477,0,5
0,7680,0
0,2031616,0
0,2147483641,0
0,8191,0
0,2097136,0
0,-2147483617,0
0,2147483633,0
0,-2147483643,0
0,-256,0
-1265412827,16,0
-1252354390,0,16
0,-2147483631,0
3,453190368,0
0,32767,0
2147483647,-2147483648,0
67108128,453190378,0
0,453190368,3
0,444698976,4
0,453190369,-2147483644
0,444698976,16
0,-15,0
0,-65534,0
0,453190368,31
0,444698976,32
0,-1792208992,2147483647
0,453190368,65535
0,16776961,0
0,0,-17
0,0,-31
0,0,-256
0,0,-65535
0,0,62
0,0,47
-1834132651,16,0
2140212208,0,6
0,16,-106075840
0,0,131071
0,0,65537
0,0,7936
0,0,2031616
0,0,14
0,0,2147483642
0,0,-2147483633
0,0,2048
0,0,65504
0,0,-2147483639
0,0,2147483615
0,0,-7
0,0,-15
0,0,1048568
0,0,-2147483618
0,0,2147483633
0,0,65527
0,1454713685,16
8,0,453190368
0,1363858857,16
0,0,32767
1063489,0,453190383
0,0,16383
2147483647,0,-141905152
322967997,0,322902462
0,2,444698976
0,8,444698976
0,31,453190368
0,32,444698976
0,2147483647,1251379136
0,184840191,184774656
0,0,16777088
-1428859222,0,6
1263708586,16,0
0,196608,0
0,192,0
0,256,0
0,275968,0
0,0,536870912
0,0,8388608
0,1419072873,16
0,-1431661995,16
0,0,196606
0,0,504
0,0,976
-1431655766,0,6
0,0,2147483617
0,0,2031585
0,0,2097120
0,0,2147418112
0,0,-131071
-1431655766,16,0
0,16,-1431151979
0,16,1386515090
256,0,0
0,16,1430956629
0,0,192
0,16,-1430955446
0,16,1431655765
0,16,-1498770763
0,0,67108864
0,16,693480297
0,16,1386566805
65537,0,0
396819413,0,-950482182
0,0,-131074
0,0,1431655766
131071,0,0
-71631941,0,0
0,-1644257793,0
48,0,0
640,0,0
0,48,0
0,196606,0
-2147483639,0,0
-2147483631,0,0
1420470954,0,5
5,-1,0
-128,0,0
345655466,0,5
1430956629,16,0
1431612745,16,0
0,16,-1431655774
-1420110491,16,0
0,1521111706,16
0,16,-1431672235
0,16,-1792189783
0,0,42
0,0,768
0,0,196608
0,16,-1252699307
0,16,-1431655766
-2147483643,0,0
913793172,-1179483219,0
-1431655764,0,0
0,434357588,118457341
0,-536944641,0
-11,0,0
36,0,0
1536,0,0
294912,0,0
0,-10,0
0,0,-2147483642
2147483642,0,0
0,36,0
0,294912,0
0,0,-11
0,0,-24
-375271842,0,-30982291
0,0,294912
0,0,2147483641
0,2147483642,0
0,0,36
0,0,1280
0,557056,0
-23,0,0
-20,0,0
42,0,0
0,41,0
176860259,-195865424,0
-782280353,0,1249728407
1431655768,0,0
0,201326593,1073741840
0,1431655768,0
0,0,1431655768
136,0,0
557056,0,0
0,136,0
0,-2147483639,0
0,0,557056
0,0,2147483634
0,4352,0
0,1769472,0
0,0,19
-1999040789,0,526499973
1081344,0,0
0,0,56
-1431655760,0,0
0,-1431655760,0
0,0,-1431655760
0,0,-2147483631
0,0,6144
0,0,1081344
-13,0,0
0,-13,0
0,0,-13
-14,0,0
0,-14,0
0,0,-14
2097136,0,0
-2147483615,0,0
35,0,0
39,0,0
0,35,0
0,39,0
0,-2147483615,0
0,8192,0
0,0,39
0,0,63
0,0,35
1431655776,0,0
0,0,2097136
0,1431655776,0
0,0,1431655776
0,0,-2147483615
2129920,0,0
0,2129920,0
0,0,2129920
0,-30,0
0,0,-30
-29,0,0
0,-29,0
0,0,-29
-28,0,0
0,-28,0
0,0,-28
0,-24,0
-2147439561,0,0
-30,0,0
1,13888,0
1,0,13888
1,0,2
1,48,0
1,0,5
1,0,48
1,0,8
0,0,2147418113
4,1,0
48,1,0
0,1,2
0,1,4
0,1,18
-16463644,0,-2147483617
0,1,10
129,0,0
262140,0,0
-2147450865,0,0
1073847538,-2147483617,0
6976,1,0
0,1,16
333696,0,0
595840,0,0
1,55936,0
1,0,55936
951087118,0,-2147483644
-64,0,0
5242883,-2147483616,0
-1605893632,0,-2147483616
16384,0,0
0,0,-2147483641
0,1,12
64960,1,0
0,1108378657,0
1052672,0,0
1,32768,0
1,0,32768
1108378657,0,0
1,65216,0
0,-131056,0
0,0,1108378657
2097280,0,0
1,0,65216
0,129,0
0,393216,0
0,0,-33
0,-978726916,-2147483617
0,6144,0
0,1857115392,-2147483644
55936,1,0
-2147483616,1879048192,0
0,-98578464,-2147483616
65519,0,0
65504,0,0
65503,0,0
65538,0,0
65539,0,0
65543,0,0
65551,0,0
65566,0,0
65567,0,0
0,65538,0
0,65539,0
0,65543,0
0,65551,0
0,65566,0
0,65567,0
0,0,65538
0,0,65539
0,0,21845
21845,0,0
0,1816226813,-433539413
0,21845,0
0,16777090,0
0,0,65566
0,0,65567
0,65503,0
65216,1,0
0,0,65519
12,-4097,0
-344598496,344598528,0
143,0,0
0,0,961
255,0,0
-386467842,386533377,0
512,0,-10
-256,0,257
1048575,0,0
4,4,0
-10,0,512
0,0,65503
314354466,1257417866,0
-18,16383,0
0,0,-65534
-65533,0,0
0,-65533,0
0,0,-65533
32768,1,0
0,-2147483617,1082331440
0,65519,0
0,65504,0
0,0,65543
0,2097280,0
0,0,65551
130,0,128
3,0,1
1279,0,0
4,0,4
0,0,2097125
1602707462,0,-1602707454
-1619001328,0,1619001344
229551888,0,-229551856
-398524418,0,398589953
131072,0,-18
-65532,0,0
0,-65532,0
0,0,-65532
-65531,0,0
0,-65531,0
-262145,14,0
0,0,-65531
589823,0,0
-65527,0,0
0,-65527,0
0,0,-65527
12,0,1
31,0,1
1073741825,0,0
1114111,0,0
-65519,0,0
0,-65519,0
0,0,-65519
2097151,0,0
-65504,0,0
0,-65504,0
0,3,1
0,0,-65504
411631618,0,0
0,18,1
-2147483616,0,1721441718
0,-2147483616,-1689976832
148111376,0,0
0,16,1
2162687,0,0
268435460,0,0
-65503,0,0
33554025,0,0
0,-65503,0
0,0,-65503
589365256,0,0
-15,0,262144
24,0,1
-32768,0,0
-65537,0,0
0,-65537,0
0,10,1
9,0,1
0,1073741825,0
0,1114111,0
0,608567298,0
0,2162687,0
0,1882456068,0
0,2097125,0
0,12,1
0,614989840,0
1,3,0
63,0,0
8,1,0
0,63,0
4,0,1
65544,0,0
496,0,0
65552,0,0
-2147418114,0,0
961,0,0
-26,0,0
2086912,0,0
-65528,0,0
-131071,0,0
-65520,0,0
22,0,0
56,0,0
64,0,0
98304,0,0
47,0,0
155144,0,0
38,0,0
229376,0,0
-2147483642,0,0
65540,0,0
192,0,0
-65512,0,0
65520,0,0
65505,0,0
-2147418112,0,0
-65500,0,0
444698976,0,4
444698976,0,16
7936,0,0
4095,0,0
249,0,0
0,56,0
0,77,0
0,47,0
0,37,0
0,229376,0
0,-2147483633,0
0,65540,0
0,255,0
0,65544,0
0,496,0
0,65552,0
0,-2147418114,0
0,65528,0
0,65520,0
0,65506,0
0,-2147418112,0
65535,444698976,0
0,-65488,0
0,444698976,8
0,8064,0
0,-26,0
0,-23,0
0,-65528,0
0,-131071,0
0,-65520,0
0,-65512,0
0,-128,0
0,0,78
0,0,65552
0,0,786432
0,0,-2147418114
0,0,960
0,0,992
0,0,-2147483643
0,0,-23
0,0,-26
0,0,-65528
0,0,196605
0,0,37
0,0,262140
0,0,65540
0,0,248
0,0,65544
0,0,432
0,0,-65526
0,0,-65512
0,0,65505
32,0,444698976
65535,0,444698976
0,0,-32768
0,65535,444698976
0,0,-128
0,0,640
0,0,8191
0,0,4095
0,0,16777215
0,252,0
0,512,0
2078209982,0,0
-131074,0,0
0,2078209982,0
0,-131074,0
0,0,2078209982
0,0,-196611
-27,0,0
0,-27,0
0,64,0
0,0,64
0,65542,0
-38248111,567850455,0
0,-1254083245,1334370301
0,65529,0
216,0,0
4096,0,0
0,0,-65520
-1167073289,181870591,0
0,-554189328,0
0,0,136
0,0,3072
0,0,966848
65556,0,0
0,65563,0
-57736735,218837239,0
132,0,0
264,0,0
0,0,65555
0,0,-554189328
0,0,264
0,0,4224
0,0,65518
-1108378656,0,0
0,80079217,-554241504
0,-1431655755,0
0,-1108378656,0
0,0,-1431655755
0,0,-1108378656
8192,0,0
65518,0,0
0,132,0
0,4224,0
0,65512,0
0,0,8192
66366,0,0
520,0,0
0,8320,0
260,0,0
-1039104991,0,0
-2147418111,0,0
0,-1039104991,0
0,-2147418111,0
0,0,-1039104991
0,0,-2147418111
1,0,3
1,0,16
1,24,0
1,0,12
163840,0,0
202624,0,0
1,18,0
50,0,0
71556,0,0
2037632,0,0
-65526,0,0
0,-1108376543,0
0,0,-1108376543
-65488,0,0
252,0,0
-1108376543,0,0
65508,0,0
-65516,0,0
0,52,0
514,0,0
0,38,0
1,31,0
1,0,21
0,-65530,0
0,-64,0
0,65508,0
0,-65526,0
0,1,5
0,1,31
0,0,38
1073741832,0,0
16,0,16
519972777,0,519972745
1073741828,0,0
0,1,32
0,1,6
32,32,0
271,0,0
0,0,352
1073741826,0,0
0,0,896
527,0,0
0,0,-65516
0,0,-64
0,0,130
-1190653440,1515778,11
2303,0,0
0,0,65512
27174,0,1
0,1073741826,0
0,4,1
0,1073741828,0
0,31,1
0,511,0
65248,0,1
32,0,1
0,32,1
0,4,4
0,520,512
0,16,16
0,1317011464,0
0,-2036334562,2036334594
0,-620822530,620888065
0,0,1073741825
0,4351,0
0,8447,0
0,0,1073741826
0,0,1073741828
0,0,940113928
0,0,143
1,0,10
0,0,262143
0,0,2303
0,0,4351
-65530,0,0
0,0,544
65563,0,0
109055,0,0
0,0,1008
0,0,262141
1559519189,-1441322389,0
1773714811,-540409475,0
91686723,395740317,0
0,-65529,0
65541,0,0
0,65541,0
5,1,0
0,5,1
0,0,-65530
0,0,65541
-65529,0,0
0,422877155,1398130829
0,236752016,788112114
0,554189329,0
-65523,0,0
0,-65523,0
65547,0,0
0,65547,0
12,1,0
0,8193,0
0,0,-65523
0,0,65547
0,0,4112
27904,0,1
32768,0,1
0,0,65563
0,0,655360
65525,0,0
65512,0,0
3072,0,0
0,0,-65518
0,-252,0
0,0,65559
6,1,0
0,65559,0
24,1,0
37,0,0
0,203520,0
-65511,0,0
0,-65511,0
65523,0,0
0,65523,0
65517,0,0
0,65511,0
0,4112,0
0,-2147483638,0
0,0,752
74431,0,0
268435457,0,0
1610612737,0,3
0,0,-32767
2064384,0,0
0,-2124877048,27
65583,0,0
0,-2147450881,0
0,536870913,0
31,1,0
0,-277094664,0
1,0,18
0,0,-252
0,134217729,0
0,-65518,0
21,0,0
0,0,-2147465792
0,0,-65517
1,0,131070
250,0,0
0,65505,0
0,48,1
2048,0,1
0,-65502,0
0,0,784
-2133952902,0,0
4,0,-1879048190
0,65530,0
0,65518,0
-65524,0,0
0,-65524,0
0,8044,0
1,4,0
16,1,0
65535,0,1
94,0,0
896,0,0
8191,0,0
0,384,0
0,976,0
0,0,1024
0,0,255
0,0,93
0,0,155144
0,0,203520
0,94,0
0,0,8044
0,0,256
969831325,0,0
-196611,0,0
0,969831325,0
0,-196611,0
0,0,969831325
0,768,0
0,0,-262148
72,0,0
0,0,96
0,96,0
0,68,0
0,0,68
0,0,-831283992
0,0,132
4224,0,0
0,264,0
8064,0,0
8320,0,0
0,0,8320
93,0,0
784,0,0
1,0,31
0,961,0
4112,0,0
0,0,202624
0,0,131088
0,65,0
4351,0,0
0,1,33
0,1,48
8447,0,0
0,0,8064
0,1,65216
79,0,0
0,1,4096
0,1,6976
6,0,1
0,65535,1
5,0,1
0,1,34
0,0,65
0,1073741832,0
0,33,1
0,8437130,8405621
0,260,0
0,0,66
0,0,252
0,0,8285
0,0,1073741832
0,0,-327685
0,0,-1939662649
0,576,0
0,124,0
0,0,124
124,0,0
536870914,0,0
0,536870914,0
0,0,536870914
0,0,1524020654
536870916,0,0
134217729,0,0
0,536870916,0
0,0,536870916
0,0,536870913
2031,0,6
0,0,8193
0,0,163840
0,0,7937
1073727842,0,14
8194,0,0
0,1,27940
0,1,13888
0,1,65535
1,8,0
80,0,0
108,0,0
126,0,0
0,93,0
0,100,0
0,125,0
0,960,0
0,992,0
0,0,80
0,0,94
0,0,100
0,0,125
0,-138547332,0
0,-262148,0
0,0,-138547332
-138547332,0,0
-262148,0,0
0,1024,0
0,80,0
68,0,0
0,0,-655370
0,66,0
125,0,0
0,126,0
65,0,0
96,0,0
1,5,0
1,6,0
71,0,0
0,896,0
127,0,0
0,0,112
0,127,0
0,0,-1048592
0,0,-983055
0,0,268435457
112,0,0
0,112,0
0,0,126
0,104,0
100,0,0
0,0,104
268435458,0,0
0,268435458,0
0,0,-524296
0,1008,0
0,2048,0
831283993,0,0
-524296,0,0
0,-524296,0
0,0,-277094664
0,1280,0
66,0,0
0,0,-2031647
1,12,0
1,9,0
1,10,0
0,1279,0
692736661,0,0
-720907,0,0
0,0,1939662650
0,1536,0
0,0,-1246925989
0,0,-1179666
1939662650,0,0
-327685,0,0
0,-393222,0
0,0,134217729
-277094664,0,0
0,4095,0
0,2049,0
0,-589833,0
0,3072,0
-554189328,0,0
-1900573,0,0
0,0,-2097184
0,3969,0
0,2115,0
-1048592,0,0
0,-1048592,0
25,1086206664,0
-1572888,0,0
0,-2031647,0
-2097184,0,0
-2031647,0,0
0,-1572888,0
0,-2097184,0
0,-2147483648,4
-2147483648,-2147483647,0
-1079712088,-1079712088,-684669765
-2147483648,65535,0
-831283991,0,0
4,-2147483648,0
-289870148,0,0
16,0,983040
-1218922660,0,0
1073758224,0,0
33,0,33
16,0,-2056978368
537927712,0,0
-2,0,-2
0,31,2030043136
-1,0,26
2147483647,0,2147483647
0,-1,31
0,1431655765,-2147483615
0,1432053173,-2147483615
-2147483648,357826559,0
-2147483648,-1,0
0,1476395007,31
0,1411383295,31
0,2147483647,31
0,31,-1919546336
2,0,-4194282
19,65535,1074793471
65536,0,65536
-684669765,-1079712088,65535
65535,2,1537806639
0,-2147483615,1431655765
0,3,-1677688303
0,65535,65535
0,-2147483648,65535
0,1939662651,0
0,-2147483615,-1397926742
65535,3,0
0,67109892,0
0,-27722144,0
0,54,65535
0,-1879011312,0
0,-2,65535
65535,-1,26
0,2147483647,65535
0,65536,65535
119547,0,65535
0,96161,65535
0,65535,-2147483648
16,0,1420427264
0,0,-554189327
0,0,-415641996
0,31,-1724411864
16,0,1387593728
0,0,-72811600
73722,65535,0
0,0,-1395610408
96256,0,65535
0,0,879768704
0,31,-2147483648
2,0,-1
27,26,-1
2147483647,2147483647,0
1,9,1074004223
8,1,218959117
0,-262131,1
-1335055968,0,8
9,65535,0
2,0,65535
16,0,65535
4,0,65535
32,0,32
1802372,0,27
8,0,-2147483648
1398106970,1,65535
1252693285,65535,1
65535,1389549202,1
-1247111531,-1,65535
-1420645719,65535,-1
1,0,-2147483615
2,0,8
4,0,8
8,0,8
16,0,8
32,0,8
-2147483648,0,8
1073741824,0,2
32768,0,2
65535,1431622997,-1
0,-1073740725,-2147483615
31,2,0
-2147483648,4,0
0,8,2
0,16,2
-2,0,1
1515520000,0,8
0,2017427103,31
0,-2,1
1013324409,7,65535
536885247,65535,17
-1114096,0,2
-1088912894,16,65535
1172378708,0,8
1431655765,0,-2147483615
-1840616016,0,8
-1710227448,20,65535
-699052028,0,8
1381274453,0,-2147483615
-2147483648,32,0
0,44302335,31
-2147483648,1073741824,0
-2147483648,32768,0
1789544704,0,8
2,0,1073741824
16,0,-1532362752
17,13637629,65535
17,-1572864,65535
65535,8396287,18
32,1567924363,65535
-2147483648,-5241836,0
0,-1643552368,-2147483648
33,0,65535
-2147483648,29,0
0,0,65536
32,0,65535
81918,65535,0
-65536,0,27
81774,0,65535
65536,0,65535
0,0,-715827883
0,1,-2147483615
65535,81775,0
0,-2147483615,1
0,67328,65535
0,-715827883,2147483616
6,65535,0
0,2147483647,2147483647
17,0,65535
-2147483648,-1610612736,0
65535,8,0
65535,17,0
65535,2,0
30720,0,27
65535,23,0
65535,5,0
3,0,65535
65535,4,0
0,3,65535
0,65535,3
344258547,2066218992,-2147483648
-2,-1431655766,-2147483648
-2147483648,2147483647,0
-1379958337,-2147483648,2007301567
-2,-2147483648,-1431655766
-2147483648,0,2147483647
-419948537,16,-2147483648
0,31,-1979710974
0,31,-2147482465
65535,65536,0
8,0,65535
0,6,65535
0,31,-1610612736
69774,0,65535
0,65535,5
0,65535,32768
0,27,-65536
0,98302,65535
-720908,0,0
-2097182,0,0
3,0,-2147483648
0,31,1073748482
4,-2,0
1,2,1431655765
16,0,-2147483648
0,31,3
2031678,0,0
17,1,131073
32,0,-2147483648
0,31,-2147483642
0,-559570784,1
-29219,0,31
0,31,1946568190
-131087,0,0
65535,0,-2147483648
0,16,65535
0,31,-2147483596
0,65535,10
0,-1114130,0
0,2,-2147483648
0,65535,-2147483647
0,3,-2147483648
0,8,-2147483648
0,16,-2147483648
0,32,-2147483648
0,-2,-2147483648
0,-2097163,0
0,32,65535
0,0,-589834
0,65535,32
0,0,-262146
0,-2147483648,3
0,-2147483648,8
0,-2147483648,16
0,31,31
0,-2147483648,32
0,31,-9725
0,0,-65552
34,0,30
0,33,30
0,30,33
0,4,65535
0,65535,4
-2147483647,0,-9437184
0,-2147483647,134217728
0,134217728,-2147483647
-4194304,11,-2147483648
-1069562480,1,-2147483648
1,1,-2147483648
0,-2147483615,-1073740723
0,3,2
1789526016,0,8
1431655680,0,8
0,1,-2
0,3,4
-1705705472,0,8
-2147483648,31,0
0,3,8
0,3,16
0,4,32
-10878976,-2147483648,8
6294971,-2147483648,9
65535,64,0
65535,16,0
65535,33,0
65535,-2147483648,0
65535,32,0
65535,66558,0
65535,-2,0
0,93926,65535
65535,0,65535
0,81919,65535
65535,9,0
65535,10,0
65535,29,0
0,65535,8
8,0,2
0,31,-2147479551
0,31,-1879048192
0,-2147483647,65535
-1432004026,1,-2147483648
-1610612736,-2147483648,1
1,-2147483648,1
2122249171,961934566,-2147483648
2138011647,1430938965,-2147483648
-268978305,1143849646,-2147483648
715740501,1,-2147483648
-1,1521146453,-2147483648
153158337,-65536,0
1,-65536,0
-77957050,-77957049,0
-2147483648,0,-2147483647
1431480997,-2147483648,1
715740501,-2147483648,1
1073741805,-2147483648,-1039598718
1,-2147483647,0
-2147483648,11,0
1,11,0
268435464,20,0
1,20,0
-85196801,-2147483648,-749906603
763449730,1,1
138625324,1610637313,0
1,1089894365,1089894365
-1881145344,-2147483647,0
1,-57607023,0
-668298551,-2147483646,0
-1,-2147483648,-715806035
1,-1,-2147483648
-568731023,2147483647,23
-174076928,65503,0
1,2147483647,31
1,65503,0
-1212416045,15,0
1,15,0
-19743744,15,0
-324234559,-33,0
1,-1,1
-2147483648,2147418112,0
1,0,-2147483647
-2147483648,0,1431655766
-1201941792,0,7
671088640,0,-33
1,0,-65536
-2147483648,0,7
1,0,11
-2004877312,1812841889,1812841889
1,88513499,88513499
-4,0,-393222
1,0,-1638425
320239697,0,1868066649
-2147483648,0,20
1,0,24
-136478720,0,15
1,0,15
-340776912,0,15
931135488,1,65535
-301977381,65535,1
1306857984,0,-33
1342177280,0,2147418112
1073741824,1073741825,0
1,0,-33
-787494448,7,2147483647
1,0,2147418112
-2,0,65503
469779164,0,469779165
1,17,2147483647
1,0,65503
1,1,65535
1,65535,1
1891631142,-8470729,-8470729
1,88513497,88513497
41960448,1,65535
1,3,1
393813,1,-2147483648
1138087904,34,0
1,0,-1431655765
1073741824,11,0
-338204640,20,0
1,22,2
-240489867,15,0
1490419793,-2147483648,27
-1071127808,15,0
-1739633898,-1739633897,0
1,-2147483648,16
-837456533,65503,0
469090304,-33,0
1543757412,-1881524449,-1881524449
1,-33,0
1677394432,0,1677394433
1,3,3
267921336,2147483647,30
1101268480,1217336451,1217336451
-1658325026,65503,0
1,5,1
420588544,17,0
-2147483648,-2147483645,0
1,16,1
1,1,16
878055168,-2147483644,0
1249099776,1431655767,0
10240,0,1431655767
1,2,1
5,0,65535
0,5,-2147483648
0,65535,65536
0,8,65535
0,9,-2147483648
0,65535,16
-2147483648,0,16
23,17,-2147483648
31,0,65535
0,31,65535
0,65535,31
-1330118656,1,-2147483648
1420563200,1420563201,0
1004929024,-2147483648,1
1856372736,1652969555,1652969555
1,4,1
801849344,-2147483637,0
1,3,2
-1073742148,65535,1
1328021504,17,0
470627993,-2147483648,1
-1329856512,536870915,0
-131075,0,7
-1073741824,615794775,615794775
-274345759,-2147483642,0
1,0,-2147483645
1,0,9
220578575,8,-2147483648
1113587712,36,0
1,0,17
1,3,4
-1584005120,0,7
121809456,0,15
1,16,-2147483648
-536572887,65503,0
1,2,22
279833728,0,15
1643814417,16,-2147483648
1191874860,0,1191874861
1,1,1
-1409286144,31,2147483647
2,0,2147483647
1,15,2147483647
-65536,32,-2147483648
-206446336,0,65503
1,7,3
1,16,16
-2147483648,1073741825,0
1,0,40
-848507261,2,1
-2027944544,13,-2147483648
1360396288,3,1
1,2,16
-777779198,4,4
-1466826235,8,1
1,3,16
-536870912,0,65503
1,4,16
518924300,0,-2147483643
1,0,-2147483641
1022447488,1,65535
1,1,-1
805306368,0,-2147483639
1,0,7
-1239107520,-2147483648,21
1111490560,0,36
1719742976,0,-2147483640
67108864,-1385433312,0
1342177280,0,20
-1455076884,8,-2147483648
316145665,16,2
1,8,16
-2080374784,31,1
1376911368,32,1
-1073741824,-33,0
1,31,16
-249429888,2147483647,5
1,32,16
224789788,65535,13
1,-1,13
1,2147483647,13
1,65535,16
1260308702,17,0
-2147352576,65535,1
1,0,-2147483639
-2147483647,0,1
1141027837,-2147483648,16
1,0,-2147483616
1073741824,24,24
327818315,0,33
1,16,26
536530072,0,-2147483646
900825088,6,3
6,0,2
-652083070,5,4
1,16,3
-1942805120,2,8
-199002560,1,-1
1,16,4
-454008832,6,16
1,16,8
931119944,-2147483648,1
1987548096,0,15
1,8,2
-1466283307,-65536,0
-981607929,-2147483644,0
1,-2147483644,0
-211554688,34,0
-472122328,19,31
1073741824,1,32
1073741824,0,-33
1,16,31
-2002517426,2,2147483647
1,16,32
-521142271,4,65535
1,13,2147483647
1,16,65535
75457680,15,0
1,6,11
1058991104,0,40
-1686554624,-2147483640,0
-4436200,0,7
234353032,-2147483641,0
-805519040,0,-2147483643
1,-2147483642,0
1,0,-2147483642
-1289261056,65503,0
-1791897924,0,65503
1,49152,1
1,-2147483640,0
-1288184707,-2147483632,0
1,0,-2147483640
-67131904,4,-2147483648
1,-2147483632,0
1,0,-2147418112
-898714288,0,-898714287
1,0,14
0,0,-5
-2147483648,17,0
1,10,3
714429781,-65536,0
-1048840736,-2147483632,0
1690566656,0,-2147483640
-1837442304,15,0
1,0,-2147483636
1703520352,1703520353,0
1066510848,0,15
1,-2147483628,0
-1790268598,-1,32
4,0,2
1,-2147483615,0
2,0,2
-2,1,0
2147483647,-1601683713,17
31,-1037943344,0
2147483647,-65536,16
2147483647,-1909100094,16
-2147483615,1431655765,0
-2147483615,-1516939995,0
-1079712088,-684669765,2147483647
-2,0,-1
31,1073741824,0
536797197,0,0
0,-1,4
3,0,65536
554189332,0,0
-969831320,0,0
-2078209968,0,0
33,0,2147483647
-3,29,0
-1,26,0
2147483647,0,-2147483648
84638,84638,0
31,31,0
16,-2146032733,-2146032733
0,67372036,0
2147483647,8,38966503
0,101,0
0,24589,0
0,-415641996,0
0,-1524020652,0
0,1108378664,0
0,31,32
0,-2078209968,0
2147483647,16,-33095680
0,-2,4
26,-1,0
2147483647,49,1831075840
0,2147483646,32
65,32,0
0,65534,2147483647
65,0,32
-1770112512,-1216447743,2147483647
31,0,30
31,0,-1248586735
0,1298006016,1298006015
-2147483615,0,1431655765
0,0,67372036
2147483647,0,65535
0,0,198
-2147483615,0,-1263872686
0,0,101
2,0,32
0,0,1793401104
6,65536,0
0,0,1108378664
16,16,0
4,0,2147483647
0,0,-2078209968
32,0,2147483647
0,32,30
0,-2147483648,-2
2097152,27,0
26,0,-1
0,65535,2147483647
0,2,65535
-2147483648,0,-1
-65536,27,0
1,0,16777214
0,1,-3
65280,0,0
-1,0,3
31,0,32
0,-2147483648,-1
2147483647,1790290602,-1
1431655765,-2147483615,0
-2147483616,-825190627,0
1,-2,0
2147483647,1789618861,1
8,2,0
-1521333462,-2147483615,0
31,4,0
31,8,0
31,16,0
0,32,4
4,0,3
8,0,3
16,0,3
-2147483648,16,0
32,0,3
1411383295,0,2
-1,0,2
-2147483615,0,-1073740725
1,0,-2
31,0,2
31,0,4
1610612735,0,2
31,0,8
1073741824,2,0
31,0,16
0,3,32
0,-1,5
0,32,3
0,2147483647,9
0,2147483647,17
0,2147483647,33
0,2147483647,-2147483648
0,0,65280
4,0,32
0,4,31
-2147450880,1,0
16,0,1
-524295,0,0
-327687,0,0
3,-2147483648,0
-131078,0,0
131082,0,0
1638441,0,0
65568,0,0
32,-2147483648,0
8,65535,0
0,8,2147483647
-16777224,0,0
0,2147483647,8
-196607,0,0
2,31,0
0,-1048591,0
0,-524294,0
0,2,2
-2147483648,3,0
0,31,2
0,-2031643,0
-2147483648,8,0
0,1048623,0
0,2097216,0
-2147483648,-2,0
0,-16777224,0
16,65535,0
0,-2162657,0
0,16,2147483647
65535,0,16
0,0,-524295
0,0,-65539
0,0,-1048589
-2147483648,0,4
0,0,-131082
0,0,-1441798
0,-2147483648,31
3,0,32
-2147483648,0,32
0,0,-16777224
0,0,1246991524
16,0,32
32,16,0
32,0,16
24,0,31
0,24,32
0,32,24
7,0,-2147483648
0,-2147483648,7
-2147483647,0,65535
65535,-2147483647,0
0,-2147483648,-2147483647
0,7,-2147483647
16,0,2147483647
2147483647,16,0
2147483647,0,16
0,2147483647,16
32768,0,2147483647
0,32768,2147483647
0,2,32768
15,0,2147483647
2147483647,15,0
2147483647,0,15
32,0,31
0,32,32
33,32,0
31,0,0
65536,65536,0
41,0,32
0,33,32
0,3,1073741824
0,-2094867932,4
0,2,32
10,0,2147483647
0,4,65536
0,4,8
0,8,8
8192,28,0
0,32,2147483647
-2147481600,1,0
0,55,0
-2147483647,0,-1
0,-2147483648,2147483647
0,65280,0
16,17,0
65534,0,31
0,32768,65535
0,-65536,32768
65280,0,31
0,32767,65535
65535,0,32767
519237885,2147483615,0
1,2147418112,0
-1744833583,27,0
1,27,0
-715128832,63,0
1,63,0
-2080374780,-17,0
1,1431655766,0
1,19,0
1,-17,0
1150492628,-32,0
1,-32,0
-415236096,2147483615,0
1,2147483615,0
-2,65519,0
1,0,20
260045300,0,29
1,0,29
16777728,0,63
-4,-655370,0
-3,-138547332,0
1,-131074,0
1,-1662567985,0
-1744830468,0,2147483615
-570425347,0,65519
1,0,2147483615
1,0,65519
-536870607,0,19
-1644167168,0,2147483615
-1770574797,1,2147483647
-2092957696,0,-131074
2147483644,0,1939662650
1,65519,0
1,0,-65537
1,0,-831283992
-1518911488,1,2147483647
1,1,2147483647
564920320,2147483647,1
1,2147483647,1
1,0,63
-2359301,0,-17
1,0,-17
1411486481,0,-2147418113
1,0,-2147418113
714227305,2147483647,1
1378427173,2147483647,1
1996478381,1,2147483647
-11,27,0
739639296,1,2147483647
-1934225147,63,0
-1638802785,2147483647,1
-101270466,65519,0
1,65504,0
-134545409,0,2147483615
1,0,65504
1076258804,0,65519
-160468202,1,2147483647
-88498948,-17,0
-671968495,65504,0
-142520769,2147483615,0
-2147483648,0,63
-2147483648,0,-17
536870880,369098752,0
-2147483648,65504,0
-708975456,0,65504
1,-1431655765,0
-1234342016,0,19
-1073767476,0,29
1773860057,2147483647,1
-2089469568,0,65504
-2147483648,27,0
70159487,-169809224,0
1,-2147483617,0
2023491072,-17,0
-162270184,2147451128,0
1677725924,166406707,0
-124595152,1,2147483647
-2147483648,2147483647,1
2,2147483647,0
1,2147450880,0
670040064,-2147418113,0
1,-2147418113,0
1,0,536870914
6,0,3
969479120,0,-1384775664
1,0,2147450880
-1870102528,27,0
-2139845993,0,29
1,0,28
1,0,536870916
1073741824,0,29
-902988289,0,8
1,0,1359806480
12,0,3
1,0,33554463
1234386940,0,-17
67389028,0,51425841
1361307389,0,2147483643
-1002438144,0,-2147418113
-505229419,0,19
1217069056,0,19
-387006468,27,0
1,0,-2147483632
1073741824,63,0
32903168,0,29
268453888,0,63
224377535,65504,0
1760746339,0,65504
1727206736,2147483615,0
2145093504,0,2147483615
511246336,27,0
687865856,0,29
1118150453,-17,0
1090256896,0,-17
2,0,3
0,32,33
0,16,15
0,4,1073741911
0,67108864,-2147483648
0,5,65536
0,2147483647,2
32,17,0
0,-2136987638,2097151
0,2147483647,32
0,32,31
0,0,201375756
0,0,55
0,2147483647,-2147483647
0,2,65534
1,16776960,0
0,1,-33554432
0,16776960,1
-1234830572,65519,0
-1217396737,-172761093,-172761093
1,1309081603,0
-2147483648,603870687,229496599
-536870912,0,65519
230267710,0,65504
-1879048192,1879048192,0
-65535,0,65535
-66,0,0
-1431655768,0,0
-130,0,0
-136,0,0
-528,0,0
-2147483648,-2,-1431655766
-31,0,65535
-21,0,0
-1431661227,2147483615,0
-2143289346,-2143289344,2147483647
-1431480982,2147483615,0
-1807745026,2147483647,1780482048
-2147221473,-2147221481,0
2147483646,2147483647,0
2092528640,65520,0
800325632,0,65519
-2147483648,1,1
0,0,9
0,0,17
-268435456,-1966110,0
-1431743157,138547333,0
1437772461,63,0
-2147483648,1899479040,1
2147418112,1,0
-1431655766,2078209982,0
-1764136374,27,0
-1431661227,-32,0
-2147221479,0,-2147221495
1431655762,27,0
-36680574,2147483615,0
-833855397,0,0
-1431655766,-2097184,0
2147418112,1155629056,0
687790480,-17,0
-2004318072,0,0
613566756,0,0
-1294619045,-17,0
1431655762,65519,0
1521134249,0,2078209982
-2031647,1,0
1368019339,-262581184,0
16,4,0
30,0,65535
554189328,0,0
-1188233463,65519,0
-1431655774,63,0
1073759100,0,-131074
-2097184,1094712724,0
-1431655766,0,138547333
1247104293,-32,0
-1436898967,0,19
-475327553,0,29
1252673881,0,63
-1294619045,0,-17
-1431661227,0,-2147418113
-415398468,0,2147483615
471515894,0,65519
1431655765,2147483647,1
672484882,2147483647,1
1431655765,0,19
250608582,0,29
1431655765,0,63
-1255484243,0,-17
6042427,65504,0
1230280346,0,65504
1871508829,0,2147483615
-1015352204,0,65519
510095778,1,2147483647
706925761,2147483647,1
6042427,0,65504
-1432016595,1,2147483647
1381323333,2147483647,1
1800066213,27,0
-417346754,-17,0
-1431481013,2147418144,0
1381145301,-2147418113,0
1431755433,0,33554448
-1428843179,0,29
-1003673139,0,-17
-1431655787,0,2147483624
1420989741,0,-2147418113
-1454025387,27,0
-1454025387,0,29
505938068,0,19
708849589,0,19
1431655765,27,0
929400053,63,0
1431655765,0,29
623542273,0,63
-1454025387,65504,0
-1454025387,0,65504
1177583005,1,2147483647
1177583005,2147483647,1
-1431661227,0,2147483615
1431655765,1,2147483647
672484882,1,2147483647
250608582,27,0
1420470954,1,2147483647
1431655765,63,0
1420470954,2147483647,1
1448433321,-17,0
-1454025398,65504,0
992496624,2147483615,0
-1015352204,65519,0
-1521306283,27,0
1295338325,0,29
40233492,-17,0
40233492,0,-17
1431655765,2147483615,0
1431655765,0,2147483615
1431655765,65519,0
1498600778,65504,0
1431655765,0,65519
1521134170,0,65504
1431655829,65519,0
1252693674,0,65519
-2147483648,2046,41
0,563834623,-983055
-2147483646,-1642045731,0
0,1032037297,-7405681
0,1428858197,1431655766
-2147483646,570855749,0
-2147483644,-1421269978,0
7,1431655765,0
0,-1419072811,19
10,1431655765,0
-1431655774,0,19
-2137939122,0,29
-1431655774,0,63
-2125219537,0,-17
-1437422934,0,-2147418113
-15604125,0,2147483615
1431655762,0,65519
348948595,1,2147483647
94393045,2147483647,1
-1431718574,0,2147483615
-1431677275,1,2147483647
1459160342,1,2147483647
820167088,27,0
-1500163502,1,2147483647
-1431655243,63,0
1265194153,2147483647,1
-1431655774,-17,0
-1433053867,65504,0
-1857260902,2147483615,0
2084238630,65519,0
-1431677526,2147483647,1
1938572440,2147483647,1
-1381323947,0,19
206771277,0,29
-1565874859,0,63
-1431655774,0,-17
656180392,65504,0
-1433053867,0,65504
-994065205,0,2147483615
-188349944,0,65519
-1465208170,-1,8
-1789727915,32,-257
-1073740725,0,8388608
2,3,0
0,8388608,1792447053
4,3,0
8,3,0
31,-1521145518,1
32,0,2
-1,4,0
31,1420465317,-1
0,1,8388608
4,8,0
8,16,0
0,32,2
-1,146147,17
1431655765,8388608,0
-1048576,0,0
0,8388608,1
3,0,2
3,0,4
3,0,8
3,0,16
-983047,0,0
0,65535,-2
1048608,0,0
0,27,-1
3,0,1109581349
64,-2147483647,0
-393243,0,0
0,4,2147483647
1310772,0,0
0,65535,65534
0,65536,65536
-2147483648,0,65534
-2,0,65536
-2147483647,65535,0
1,0,4194278
-2147483648,0,31
-268435460,0,0
65536,-2147483647,0
0,1,16777216
-131072,0,0
0,-2147483647,-2147483647
16,0,0
0,-196612,0
0,-196609,0
0,-1900576,0
0,-131078,0
0,-2031639,0
0,-1245187,0
0,458790,0
0,262180,0
31,32,0
0,-2,65536
0,-2147483647,-2147483648
0,-268435460,0
0,-2097122,0
0,-1073741824,-1073741825
0,0,-262147
1,1073741824,0
1,0,8388608
0,0,-1385473323
0,1,32768
0,0,-262145
0,0,-1966106
0,1073741824,1
0,1246925989,0
0,0,1246925989
31,2,374682962
-65535,65535,0
-2147483647,0,2147483647
-3,65535,0
-5,8,0
-8,0,65535
-25,0,0
-31,65535,0
-19,0,0
-2,0,65535
-1,0,27
2147483647,0,32
65535,0,2147483647
65536,0,2147483647
16385,32768,32
43,31,0
0,-2107049995,-2107049996
65535,32768,16385
65535,-1770112512,-1216447743
0,33488393,0
0,2,31
8,1617411819,0
8,0,4
0,3,2147483647
2147483647,4,0
0,8,32
0,32,8
0,33,8
0,54,8
22,32,8
0,64,-2147483648
0,32768,1
0,0,-65545
0,0,-1048608
0,0,262180
0,65536,-2
0,9,32
0,0,2146828278
0,0,-268435460
0,0,138612867
0,57343,0
65535,0,71966
0,2,3
2,0,31
0,65535,2
8,0,16
0,8,22
0,-2147483647,64
3,0,31
0,3,31
0,8,3
4,0,31
0,4,3
0,31,4
7,0,65535
8,65536,0
0,7,2
32,8,0
0,65535,7
15,0,-2147483647
16,65536,0
0,15,-2147483647
0,-2147483647,15
31,0,65536
31,3,0
0,31,8
65535,31,0
0,8,31
32,3,0
65535,0,32
65542,0,0
44,0,0
52,0,0
-31685,0,0
-477218575,0,0
-15,0,16
-2147483628,0,0
-2147483637,0,0
65548,0,0
60,0,0
55,0,0
30,-2,0
-65533,0,1
-2147483625,0,0
-2147483620,0,0
1605048155,0,1605048128
65564,0,0
54,0,0
-2147483585,0,0
65559,0,0
-29,1,0
2147483646,0,-2
-33,0,1
65534,0,-2
-2147483644,0,1
-65533,0,6
-2147418145,0,0
-2147418144,0,0
131068,0,0
-24,18,0
-22,0,0
-65530,1,0
1073709056,0,0
32800,0,0
-2,-1,0
-858993454,0,0
-858993457,0,0
-2147221479,-2147221447,0
-65520,7,0
2147483646,0,2147483647
-477218570,0,0
-477218578,0,0
-858993435,0,0
538976288,0,0
-65505,0,0
2097184,0,0
88,0,0
104,0,0
-65508,0,2
2147483645,0,1
65534,5,0
-42,0,0
2147418108,0,0
65534,17,0
2147418104,0,0
65530,0,0
2147418096,0,0
2147483624,0,0
2147418080,0,0
2147418144,0,0
2147483635,0,0
65526,0,0
2147483628,0,0
65511,0,0
2147483392,0,0
65504,7,0
3,2147483647,0
6,0,2147483647
12,2147483647,0
28,2147483647,0
-2147483647,-2147483647,0
65536,0,-2
-858993458,0,0
33,20,0
-2147483647,24,0
-2147483647,2147483647,0
-7,0,65535
-15,65535,0
-30,0,65535
277094664,0,0
-1835036,1,0
16,0,31
2147483647,65535,0
0,2147483647,4
0,65535,2147483646
65536,0,-2147483648
65534,26,0
0,65536,-65536
0,-65536,65536
65516,22,0
-1521849695,-9,0
1431743145,0,-32
1077613658,-65537,0
1431655765,1,31
250608582,30,0
1520790091,30,0
1419334997,30,0
1431655765,40,0
1503787609,-9,0
1389669718,-9,0
-1431661227,-9,0
673093528,2147483631,0
2087555019,2147483631,0
-1487528407,65527,0
1386834579,65527,0
-1015352204,65527,0
2147221504,0,0
65472,0,0
-2147418146,0,0
-33,8,0
-33,0,19
2011007,515681792,0
256,335544190,0
-33,-2147483648,0
260108407,0,-1108378657
1432004265,0,35
1431655765,0,35
1503787609,0,-9
1428534443,0,-9
711633061,0,2147483616
942474070,0,2147483631
1884739443,0,2147483631
413695050,0,65527
-1452713323,0,65527
-1015352204,0,65527
1947843033,1,31
1177583005,1,31
-301943861,0,-1108378657
1263970997,30,0
-1933452143,-9,0
1437259085,2147483631,0
-1856678487,65527,0
1796746115,0,-9
1205193693,0,2147483631
1252350645,0,65527
6042427,65527,0
6042427,0,65527
-1433053867,30,0
-1017751186,40,0
-1454025387,30,0
-942203009,0,35
-1789569710,0,35
1790266037,30,0
40233492,-9,0
40233492,0,-9
1430956629,2147483632,0
1426131797,0,2147483645
759846180,65527,0
-1454025387,65527,0
-1433053867,65528,0
-1835906135,0,65527
-1454025387,0,65527
-1433053867,0,65520
-1519564115,65527,0
-1252699435,0,65527
-1,33619455,32
0,1386919530,-33
-1769499,1415294544,0
-2147483647,-994177365,0
-2147483647,-1422875463,0
1431655768,-1430936235,0
-2147483632,-590509527,0
20,1431655765,0
20,1431656085,0
28,1437246762,0
30,250608582,0
30,1364547238,0
63,1431655765,0
-33,-424083484,0
-33,-1435839131,0
-2147483647,1431655765,0
-33,-1431661227,0
2147483615,1371815625,0
2147483615,735965282,0
65503,1454224723,0
65503,-1015352204,0
65503,1183726069,0
-33,1498770085,0
15,0,65535
30,0,32
-2147483646,0,-2
-65534,0,65535
65536,17,0
34,4,0
-33,1,0
-7,0,-2
-15,0,-2
-2147483645,0,1
65536,16,0
-30,0,-2
-1081098352,0,1
-65534,0,-2
-2147483636,0,0
-2078209981,-1431655759,0
0,-1454724395,268435458
0,1247458985,1048579
-1,-1454827863,1
-1,1420470954,1
0,1437258377,-2147483640
0,1452956331,-2147483632
0,-837828595,-33
0,-6521733,2147483615
0,1521833642,-2147418113
-1431655765,2086062346,0
0,1600838387,-2147483632
0,6042427,65503
0,559782979,-2147483636
-2147483647,1297404501,0
2,1431110689,4
0,1433228137,28
3,715587584,2
0,1431655765,63
4,1548616192,3
0,-424083484,-33
1073741832,1521134421,0
0,1515538779,-33
262160,-1454724445,0
0,-1419077973,2147418112
31,1454014465,17
0,-496084748,2147483615
0,1396161817,2147483615
0,1065996556,65503
0,1789472053,65503
0,-1015352204,65503
-33,1649744927,0
-2147483647,-1431655095,0
-196611,1431655765,0
-2147483647,-1385342315,0
2147483615,-1428859605,0
65503,-1437248171,0
-1,-224425385,1
-1,1177583005,1
65503,6042427,0
-2147483640,-1430043382,0
0,-1521308971,-327685
0,-1253403219,-1662567985
-1,1431655765,1
-1,672484882,1
-2147483632,1765273510,0
-2147483640,317609210,0
-2147483635,-1072472705,0
0,-1432049003,-2147483636
20,505938068,0
-2147483632,663538540,0
0,-1902378007,-2147483632
30,-1433053867,0
63,1855956529,0
28,-1454025387,0
0,-544713947,63
0,-1454025387,28
-2147483632,-1433217707,0
30,1253354321,0
-2147483647,-1789613399,0
-2147483647,-1390062934,0
-33,40233492,0
0,40233492,-33
2147483615,1431655765,0
0,1430956629,2147483632
65503,-1522224566,0
65503,-1454025387,0
65520,1431655765,0
0,1433101674,65503
0,-1454025387,65503
0,1431655765,65503
65503,1386894677,0
0,1802193497,65503
0,-1,27
0,74601,2
16385,32,32768
65535,0,73085
0,-1,-2
9,0,2147483647
0,0,33686018
65535,0,2
3,0,-1610612736
65535,0,3
32,2147483647,0
-196612,0,0
0,8,33
-65539,0,0
-65540,0,0
0,-2147483647,50
-65541,0,0
-613566757,0,0
1145324612,0,0
-1,30,0
-268435457,30,0
-8389633,30,0
-1,40,0
-1022487523,-9,0
-777573609,-9,0
-1,-9,0
-817889345,2147483631,0
-838860801,2147483631,0
-67108866,65527,0
-1,65527,0
-225842660,65527,0
-1,0,-1108378657
-1,0,35
-1022487523,0,-9
-777573609,0,-9
-8388611,0,2147483616
-838860801,0,2147483631
-465567809,0,2147483631
-67108866,0,65527
-1,0,65527
-225842660,0,65527
-1006296065,1,31
-1165295617,1,31
-1709639713,0,-1108378657
1792668333,-9,0
-8389633,2147483631,0
-8389633,65527,0
1792668333,0,-9
-8389633,0,2147483631
-8389633,0,65527
-1258300368,-65537,0
-1,1,31
-1610612737,40,0
-1610612737,0,35
-1,0,-32
57,31,0
32768,16385,32
-1770112512,-1216447743,32
7,0,4
-1079712088,32,-684669765
32768,32,16385
151587081,0,0
-415641996,0,0
8,0,2147483647
8,0,32
4,2147483647,0
16,2147483647,0
32,0,4
32,65535,0
54,65535,0
45,-2147483647,0
1431655786,8388608,0
32,-1905996570,4
0,1431655765,8388608
0,-16777216,0
8,-1816092622,0
32,988086272,16
0,-1521134251,8388608
31,16,-136641536
0,8388608,1431655765
31,33,1995047466
3,0,1131958802
0,8388608,1452583510
0,0,-16777181
872521741,0,0
-1057097495,30,0
-268435457,-9,0
-268435457,0,-9
-1,2147483632,0
-472085411,0,2147483645
-1,65528,0
-1,0,65520
-1120492449,65527,0
-1120492449,0,65527
0,-1244218003,-2147483632
1431655765,0,-2147483631
-524288,0,0
4,8,1832139826
0,-2147483631,-1432000174
2,8,0
2,16,0
4,32,0
-1079712088,-684669765,31
-1079712088,31,-684669765
-1381345942,0,-2147483631
8,-410251264,17
-268435472,0,0
3,65535,0
0,1431655765,-2147483631
4,0,16
8,0,31
-252645125,0,0
30,0,2147483647
32,2,0
-2,65535,0
-1,27,65534
2147483647,0,31
65536,0,31
13,8,0
16385,32768,31
2147483647,32768,16385
65535,0,65534
0,16843009,0
2,2,0
8,2110130180,17
3,4,0
0,-1831712083,-2147483631
32,4,0
0,8,4
16,0,4
4,16,0
16,33,0
16,32,0
0,-1048576,0
65536,-2,0
64,0,31
27,-1,65534
0,2147483647,3
-2147483647,0,-2147483648
31,65536,0
16385,31,32768
3,16385,32768
65536,0,32
32,64,0
0,0,16843009
0,8,5
2147483647,0,3
65535,0,8
4,8,-2037169912
0,0,-16711920
65535,0,31
0,-2147483631,-1431743123
0,0,59
16,8,0
0,2147483647,-2
0,-715827883,0
2147483647,32,0
3,0,2147483647
1,0,1048574
0,64,2147483647
0,1,268434732
0,131070,1
0,-2147483647,2147483647
4,17,-68550144
0,65536,2147483647
32,0,64
0,-2147483631,1
-268435457,31,-1252747694
1,0,-2147483631
4,-1386915147,-1
0,-1073740725,-2147483631
4,65535,0
-1770112512,-1216447743,31
32768,31,16385
5,65535,0
15,0,31
672508934,691905788,31
65535,0,6
2147483647,3,0
8,24,0
-2147483615,1,65534
0,2147155963,0
0,31,64
-2147483615,65534,1
32,0,35
3,619917194,619917194
65535,0,9
4,0,17
3,32,0
3,3,0
0,65535,33
0,0,2147090426
0,2147483647,65536
-65538,0,0
-969831323,0,0
-692736658,0,0
-2147483647,0,32
2,65535,0
0,-2147483647,32
3,2,0
-969831321,0,0
0,32,-2147483647
31,0,31
32,31,0
65545,0,0
327701,0,0
-262173,0,0
1048624,0,0
0,131106,0
0,-536870915,0
1073741824,0,-1
40,0,31
0,-983027,0
16,1073741824,0
8,32,0
0,32,1073741824
0,31,35
0,0,-196612
4,31,0
0,0,138547334
0,0,-131075
0,0,-1048588
32768,0,65535
0,0,851989
0,32768,31
0,2147483647,32768
0,0,1048608
0,0,1310771
0,0,131106
65535,0,11
0,0,-1073741826
0,0,-969765790
10,8,0
12,0,4
31,65535,0
4,9,0
4,0,12
31,0,2147483647
2147483647,0,4
9,0,31
31,0,15
17,0,4
8,0,30
0,1,-16
32,49,0
16,9,0
4,17,0
0,42,2147483647
55,16,0
536870912,-1108378657,0
1,-65537,0
1,-5,0
754974719,2147483639,0
1,2147483639,0
-27,65531,0
1,65531,0
193986560,0,34
1,32,1
1,0,65531
1,1,32
-805306368,0,-4
1,0,36
1,0,-3
-383778828,0,2147483639
-3076,0,2147483639
-6414339,0,65531
-2115141632,1,8
1,0,2147483639
939524096,65531,0
97921057,0,65531
-2,65536,0
-536870915,0,0
1801180852,0,0
32768,0,8
8,31,0
31,32768,0
0,-131073,0
0,-65539,0
0,-65540,0
0,-65541,0
0,2097192,0
0,2097200,0
0,262179,0
267332743,35,0
-25072016,-5,0
1,28,0
622766336,-5,0
2147470259,-5,0
-998899264,35,0
-174721663,-5,0
-2147483648,1,8
-8,2147483639,0
-131,65531,0
1,0,-2147483646
642085460,0,34
1,0,-4
-2147483648,65531,0
-2087714816,1,8
-99395,0,34
537001992,0,2147483639
-2147483648,0,65531
937818188,35,0
26,1073741824,0
739777725,0,65531
125501440,65531,0
-729819308,0,65531
1073741824,-5,0
19572573,2147483643,0
1,-2147483645,0
-952467456,65531,0
1,2147483640,0
1871803648,2147483634,0
-1274548736,0,2147483639
1,2147483642,0
-29188,35,0
1,31,-160
1,36,0
-85980975,0,34
-1188274432,0,2147483639
-284879884,0,65531
1,0,-2147483644
-1705181184,65532,0
1,0,65528
1,0,-2147483617
-135331840,0,65531
402653184,65531,0
1073741824,0,65531
1,65532,0
1,0,65532
2,0,16
32767,0,65535
0,32767,31
0,2147483647,32767
-1353208448,-5,0
2147483616,-134234116,0
2147483616,1,0
11,1,0
18,1,0
1431655725,-1108378657,0
-1385473321,-44040192,0
-32,1,0
2147483631,81108372,0
2147483631,1,0
65519,-1073741824,0
65519,1,0
1275068492,0,524287
0,-2147483631,1431655765
0,1145324612,134217727
0,0,1145324612
4,0,9
1,-2147483631,65534
0,65535,64
0,0,-1048576
2147483647,0,5
65535,0,4
15,1,0
40,-34188,0
-17,-704659460,0
-17,1,0
-32,-2147483648,0
-1246925989,1,0
-1431655764,1,0
-1431655765,1,0
0,1,2147483631
0,266155760,65519
0,1,65519
554189329,-332604592,0
0,-2147483648,-17
0,1,29
0,1,-17
0,-2147483648,2147483631
549781289,65531,0
0,-79330,2147483631
953316765,-5,0
-1431661227,-5,0
0,1,11
0,1,20
-176742831,2147483639,0
0,-402724864,40
715740341,-5,0
65519,-1884384102,0
0,-1725019164,-1108378657
0,1,-415641996
32,-799938579,1
65535,1,1
0,1073741824,-32
40,1,0
-1856329003,35,0
-1433103019,0,34
0,113680832,65504
674985962,-1108378657,0
-2147483644,1,0
-2147483641,1,0
40,-202865980,0
-17,-8194,0
2147483631,698892993,0
1263805781,0,2147483639
65519,2137585857,0
-2147483640,1,0
0,-2147483648,40
0,-464,2147483631
-536870912,787362,0
0,58100782,65519
40,-3,0
-1012861031,0,2147483639
32,1920867328,1
0,34804404,-2147483645
968683617,0,65531
0,1,-2147483646
0,604017672,268435456
0,-1074468308,-2147483646
0,1,-2147483645
1414833845,65531,0
14,1,0
0,1,-2147483620
65519,-2117179225,0
1177583005,1,8
0,535748084,40
32,2103542896,1
4,1,16
0,7491526,65504
0,1,65504
-2147483645,-661651456,0
3,1,16
15,2,0
-2147483617,234442752,0
-2147483643,1,0
0,1,-32
0,-234881024,65504
2147483647,2,0
0,-1846351296,-17
0,1,40
0,-553287680,40
894515944,-5,0
-1789744470,-5,0
1790270293,0,-4
2147483631,-2147483648,0
36,1,0
1697660642,2147483639,0
0,-506185888,2147483631
1431677274,-1108378657,0
0,1,-2147483616
-1431661227,35,0
-1431655774,35,0
-1386959541,0,65531
714429781,-5,0
40,1066489760,0
65519,1322771156,0
1,1,8
0,81620256,65519
0,1,67108896
-1437162134,-5,0
0,2106547572,65519
-1231728491,-5,0
1429558613,-5,0
65519,-901932188,0
0,1,1073741826
0,262144,1073741826
0,-2147483648,-2147483645
1431655762,65531,0
65519,-1744179304,0
0,1133871104,65519
-1431655774,0,34
-17,1789255680,0
1523931733,65531,0
1697660642,0,2147483639
-17,-1029616209,0
2147483631,-620306128,0
65519,-754265088,0
65519,-747871518,0
1431655762,0,65531
714429781,0,2147483639
-1911269828,1,8
1428858217,0,34
-1433053867,65531,0
1431655765,1,8
1521113258,0,2147483639
-1558736410,0,2147483639
-1788159659,0,65531
1431655765,35,0
-1520088743,-5,0
464213963,2147483639,0
-1015352204,65531,0
1498786138,65531,0
-1015352204,0,65531
-1418908763,0,2147483639
-1789569710,35,0
-1433053867,0,65531
574032617,1,8
-1789569710,0,34
714429781,0,-4
-1263872758,1,8
1431655765,0,34
-1437428390,0,-4
-65535,0,65536
-32,32,0
-32,0,32
6042427,65531,0
-16,0,65535
6042427,0,65531
-31,0,65536
-49,0,0
-1454025387,65531,0
-3,65536,0
-4,0,65535
-1431656142,0,65531
-8,65535,0
2147418112,0,1
2147418112,0,885978112
20,0,2012217344
20,0,1
-1498855125,65531,0
1430956629,2147483640,0
29,0,-268435459
23,0,1
1431655765,0,2147483639
-1454025387,0,65531
-954476756,-5,0
2147483615,0,-3153704
2147483615,0,1
1431655765,65531,0
1431655765,0,65531
65503,0,-262146
65503,0,1
63,0,2144796672
63,0,1
-17,0,28900913
-17,0,1
-32,0,1043043328
-32,0,1
-2097184,0,1
-393222,0,-3
1467741964,35,0
-1108378657,0,1
-1108378656,0,89651712
113645284,0,34
-1431655763,0,1
1431655768,0,584252896
11,0,1
1515345237,2147483636,0
0,11,1
-1840700270,0,0
0,24,1
858993459,0,0
-1381325531,65531,0
0,23,-2147483648
0,23,1
1499155034,0,65531
138547332,0,0
0,23,-221864195
0,-65536,1
0,-33,535822336
0,-33,-266276097
0,-33,1
0,-33,-1008009216
1782530656,0,2147483639
0,67109889,-301989888
0,167774721,1
0,1431655768,1073741824
0,-1431655764,1
1263184555,0,65531
65503,0,-109895872
-1801105078,1,8
1420470997,65531,0
-1420469611,0,65531
0,-1375687167,1
0,-612967561,-16908
0,-2147483648,65504
1516553237,2147483639,0
2147483647,1,1
1430951589,-5,0
-1246451019,2147483639,0
0,2147483615,1
0,2147483615,-401794
40233492,-5,0
0,65503,1
0,65503,-88523388
-2146665437,0,2147483639
1456630442,65531,0
-1823300267,0,34
-1521136982,35,0
0,65503,380836141
1584120009,65531,0
-1431655774,-5,0
-983055,0,-2147481776
983923531,2147483639,0
65535,1,-1465301856
1789568426,1,8
-1431655763,0,-1504302592
-277094664,0,1
-1435809452,35,0
138547333,0,1642168680
2147483647,1,-268447779
446650340,65531,0
1917624736,0,65531
2031608,0,0
0,2147483629,0
0,-2147483648,-7
65534,2147483647,0
65534,65535,0
0,27,1
1,-1769499,0
0,131038,0
0,-1480056833,1412947967
7,0,1
0,1073741824,16
-2147418105,0,0
65528,-727012694,0
688175409,688175409,2
-1073741846,0,0
0,536868864,0
223,0,0
0,-16776960,16777216
0,0,65530
0,1773597754,1442697110
0,1,15
0,16,65552
272,0,0
0,0,500
6,0,16
2147450881,0,0
264,0,264
0,2147483646,1
0,524288,1
0,-16768768,0
0,0,52222
0,65411,0
0,2147418145,0
0,0,536870909
-2147418136,0,0
0,-1431671383,65551
1073741832,0,-1
0,65011742,21
0,1073741840,0
-2147483647,1,0
1,-3,0
16,0,15
1048580,0,2147483647
-65524,0,-268435457
57344,0,0
0,14856,9
-1381676375,0,-2147418111
0,1073741827,0
0,32764,0
96,0,1
0,67174399,0
-65536,0,1
2147483627,0,0
12,0,16
0,5,31
0,1040,0
0,0,65472
0,17,1
0,-2147483636,0
16,-3,0
0,1048596,-2147483648
2147483136,0,2139095038
-2147483633,0,-1433054038
-32,16,0
0,65527,1
0,-413854123,2147483640
0,72,0
296615932,0,-2040703660
0,67108832,0
-65537,31,0
-4,0,228851712
3,16,0
-2139095040,0,0
0,121,0
32,-2,0
0,-715827879,0
0,12,16
0,14720289,526573312
0,17,457833349
655358,0,1
0,0,-35
1,-2097184,0
-40,0,0
0,4094,0
0,430477155,-1
0,268435459,0
32,0,6
5,2,0
33,0,-2147483648
16776928,0,0
0,32767,16
1073741840,0,0
33554436,0,2
257,0,0
0,0,2147483618
33,12,0
-2147483621,0,0
0,134217728,33
0,16376,0
0,-65487,0
0,0,536870880
524281,0,0
144,0,0
1715519489,0,-1715453956
0,0,-272696336
4128,0,0
-15,0,12
1073676296,0,0
0,0,-1610612735
972177408,-972210144,0
0,131040,0
0,82,0
0,0,65529
0,65535,-65535
-65506,0,0
46,0,0
1,2147483644,0
0,2010053599,32799
0,0,-786444
0,-2147418144,0
1187937942,0,0
-2147483647,0,-2147483647
0,59,0
0,1,96
8,0,65534
0,-907266600,2048
0,131132,0
1,1048592,0
0,-2076130299,1109418497
65534,0,65536
-16384,0,1
0,1,64
65535,0,-4
2,32,0
-2134895822,0,-1072483840
-134217728,-2147483648,0
835132530,0,0
0,8,10
-1114520,0,1114560
0,16,17
31,1,1
0,16,65534
-65537,9,0
-1592197134,1167060407,0
0,64,35
65535,65535,0
0,4,9
-2147483648,0,9
-2147418110,0,0
65503,1,0
-65519,0,1
259,0,66048
0,0,-2147483614
-16382,0,0
0,-2147418146,0
0,-2,-2
48,65536,0
2110422,0,0
0,0,262124
0,2162688,0
6,32,0
0,15,16
0,-65534,16
-2147483648,6,0
0,2147483618,0
0,0,1431655780
388485518,0,-24
0,12,2
1431655765,393216,0
8,2147483647,0
0,1,-196611
1,134217728,0
0,-35,0
1,33,0
0,961418573,0
0,0,45
2147483618,0,0
1108378664,0,0
0,-2,3
0,0,458745
536870920,0,0
-2147483648,536870910,0
3,-2,0
0,0,251
0,0,-2031608
1,31,1397066103
-16252909,0,0
17,8,0
0,0,-70
0,0,-65505
0,-8,-999757240
65536,0,16
65512,0,1431655765
0,13,1
2147418115,0,0
0,0,-2147418145
28,0,1252699445
8388608,2147483392,0
0,-4,16
2147483632,0,1
-1039104991,0,22
0,63,-2147483647
13,0,1
9,2147483647,0
0,-2147483635,0
0,-2105120325,682029939
9,0,3
3,0,3
0,306783378,0
1,-14,0
-2031584,0,0
-9,0,-1497417105
0,29,-5
9,8,0
0,0,-254
0,1432015574,192
7,0,8
-256,-1,0
0,0,1536
-554189327,0,0
134215680,0,0
5,0,32
0,65495,0
0,1,65527
65535,4194326,0
17,0,2
0,0,16776992
0,268435448,0
0,1108378658,0
16376,0,0
0,0,2147418142
32,-3,0
7,31,0
128,0,16
0,-2147418115,0
-524296,0,8
65537,65536,0
0,0,-2147483637
0,0,2147483585
0,2031663,0
-2147483648,-1073741824,0
0,0,2004318072
0,2147483646,2
0,835132530,0
0,0,-258424470
0,0,2147418108
0,5,32
7,1,0
-13,0,1
0,65519,-8389633
1073725440,0,0
0,-46,0
512,256,0
-130815,0,1
0,-1835008,0
0,16711680,0
16,0,-2
0,883583698,65528
2147450880,0,0
0,-2008936315,0
2147483634,0,0
-2147483647,-1,0
-4,0,26
-2147287040,0,0
0,2,9
0,-851981,0
5,32768,0
-2,0,16
0,4,128
0,0,2147418117
0,-2147483648,5
0,8195,0
0,-2147483647,8
16,134217728,0
0,8,-1431655760
1,31,1
0,-1,65527
0,7,5
-1431655776,0,0
10816,1,1
0,224,0
0,0,95
36,0,3
0,0,67108863
15,32768,0
0,0,554189333
0,0,-1553514677
0,-24,-1
65535,2147483647,0
2147483647,31,0
1,0,19
0,25,0
0,30,-2147483648
-1556904257,0,-2147483647
109931435,0,65532
0,0,-16384
30,31,0
22016,1,1
0,128,-2
0,65524,0
32,0,9
0,0,188
8,33,0
0,63,1
-59,0,0
0,-2147418145,0
-805212153,0,-2147483647
0,0,4098
0,0,57599
8448,0,0
0,-196611,3
3,0,5
-65537,0,9
0,2,4
0,0,-63
0,503,0
0,65531,2
2047670138,2047670139,2047670138
-2147483622,0,0
0,65520,295197809
4,0,7
0,0,831283992
-554189360,0,0
3,0,62
16,30,0
0,-2147418112,65536
0,554180905,0
0,2147483392,0
1507351,0,0
2147483647,0,-2147483647
1,0,33
-9,-2147483648,0
25600,2,0
-1073741823,0,0
0,0,-48
0,9,8
0,-17,1
0,30,9
15,0,-2147483648
0,130,0
62,0,226595192
2147418110,0,0
1048564,0,0
30,0,12
1,-554189328,0
0,2147483646,2147483646
2147483629,0,0
0,0,-32800
63,65535,0
-2147483647,-2147483648,0
196608,1499640804,0
537919488,1723526146,0
-1048576,0,-2147483647
0,0,72
10,0,17
12,-1,-1
0,-13,-1
16383,0,1
65537,0,-2147483648
0,-2147464192,0
0,2147483646,16
0,-2147155968,0
24,0,16
0,-1431633931,0
0,715827885,0
2147483625,0,0
0,0,2097154
120785659,0,-749602400
268435459,0,16
247,0,0
0,0,536805376
-715827880,0,0
8388639,0,0
0,6912,0
0,0,1984
0,-16,-1
-2147483224,0,0
-2,2147483647,0
65535,-3,0
0,0,65511
2031648,0,0
6,3,0
1193046471,0,0
268435462,0,0
2146697204,0,0
0,0,-2147475456
0,8,7
131038,0,0
-262148,0,8
0,0,-112
0,0,508
0,-31,-2147483648
0,1,67108864
1,-2147483648,-1
0,0,1431655773
-1073741824,0,1
8,5,0
0,2147483607,0
0,0,2147418115
-30,0,-2147483648
0,1073676289,0
0,1,-2147483647
0,0,320
16777185,0,0
1670265060,0,0
1960998099,0,0
131062,0,0
0,-2031616,0
65536,0,2147483646
0,-31,17
5,-2147483648,0
0,0,2021
1073741826,1,0
16,31,0
0,196639,0
0,17,16
0,554189329,8
0,1437259092,65520
0,3,57
1,0,-5
13,13,0
-2147483647,16,0
-2147418112,0,-2147483648
63388,0,63389
0,-2147483614,0
0,0,1816134150
0,0,1431655775
0,800,-1153694719
65536,0,3
2031616,524288,0
0,5,3
2031598,0,0
0,-16,16
0,-1616060445,-619022571
0,-57343,0
16,-4,0
2147483631,0,1369819643
0,65248,5
65487,0,0
5,0,6976
0,1073741793,0
0,4194320,8
0,2147483620,0
2031616,4,0
0,1833790121,-8
2147483646,0,32
0,0,-65
453185823,0,1770257
-65532,1,0
9,0,16
72,0,1456654997
1073741816,0,0
140,0,0
8,0,-31
0,0,2097183
2147483647,0,2
-458753,0,0
2147483647,0,8
0,0,520
39,0,-1
0,1,1048560
0,-16,-2147483648
0,1431655766,8
0,0,-277094665
-1431655796,0,0
0,-2147483644,1
2,2147483645,0
48,1,1
3,536870912,0
0,-65508,0
65535,0,-2147483647
0,0,16711680
0,-2147483643,1
28,0,-2147483648
0,-2147483624,0
524287,0,0
0,51,0
0,0,262147
0,1,-2147483635
0,-2147483648,1073807359
-1895845147,0,-20532307
1073758217,0,0
0,-1572848,0
0,0,2147418111
65535,0,113246208
1,-27,0
28,0,1
2,0,30
0,2,5
26,32,0
16,0,17
0,1,2147418116
0,4,5
67108848,0,0
-558531501,-1,1849305051
0,262136,0
65523,0,1880618641
1048576,0,1048576
52,0,4
0,6,6
6,1939662650,0
0,0,-2147483625
0,0,65508
7,-2147483648,0
7944,0,0
1572888,0,0
0,65530,-1
0,-2147483620,0
0,2147483637,0
2,536870913,0
-55017024,0,-26
8388639,-2147483648,0
0,30,18
-2147418113,0,2
268431361,0,0
2147418109,0,0
0,0,12582656
65572,0,0
65528,0,-335609857
0,1,-277094664
0,0,8387040
0,-2147483522,-2
8,-1,1
12,31,0
0,-11,0
-473810110,1673673537,0
0,-2,2
-1894838513,0,0
0,0,776
2147483639,0,1573346338
-65534,0,48
2147483639,0,-1077088704
0,2147483625,0
0,0,1431655808
5242881,0,-5242880
12,17,0
0,2147483635,1
0,0,70
0,-1879048193,65531
2147483647,-2147483646,0
0,10240,0
0,65528,1
0,1015808,15
0,-2147418107,0
-7,0,2147483647
8183,0,0
65534,0,18
65536,65535,0
30,0,8
0,0,-1431655768
0,0,2031610
0,-1879048192,-7
32,0,256
0,0,2147450879
-2139094781,0,0
0,2097168,0
2147483647,30,0
64960,0,65534
31,0,-2
-1073741825,0,0
715827882,0,0
65554,0,0
0,0,1533916891
-2147483648,0,131070
0,2147221504,0
-2147483648,0,30
0,0,247
-757547584,33,0
-2147418097,0,0
7952,8,0
0,0,127
0,65536,24
-2147483648,-2,-1
0,0,8388584
0,262156,0
536805380,0,0
-1,0,65552
0,32,5
-458752,0,0
0,10,15
1,0,65567
-7,65535,0
0,1,7
65499,0,0
65520,1,0
253,0,0
65535,0,1073741824
-31,31,0
0,0,1073741808
3,31,1688823933
0,95,0
-204970752,0,1022499136
0,0,-65511
0,5,2147483647
2147483631,0,-1
65495,0,0
0,196624,0
0,134244448,0
9,1,0
0,-2147483647,1
-2147483647,0,16
-16351,0,0
65566,0,15
0,0,8388352
-1048576,5,0
0,0,32800
0,134217712,0
65536,5,0
-2097183,0,0
0,-65534,65535
65534,0,-2147483648
0,32,-2
0,0,8222
10,1,0
3,0,67108864
40,0,1
116,0,0
-2147483601,0,0
16,-32768,0
0,0,268435454
-2025061723,0,4096
0,0,51
0,0,-1431655735
0,-2139095040,0
0,0,536926208
-1431661227,0,2147483644
-1073741819,0,0
0,0,-1431655763
0,2147483621,0
-26,1,0
-32768,-1,0
1587510592,-1459849135,0
0,-2147450879,0
0,0,-987708400
159,0,0
0,71,0
31,0,3
0,-1048608,0
-2147352579,0,0
0,0,2147418144
0,-16,65535
-65534,0,17
-1,4,453087584
2147418114,0,0
7,8192,0
-974158880,0,0
0,256,256
9,0,8
8454143,0,0
-311584772,-1711341568,0
0,-2147418112,1
0,9,1
0,0,-869476077
-2147483647,-2,0
0,-2147483640,2147483647
0,32768,-2147483648
0,40,-1964267521
0,0,-2147352578
0,0,-2147418146
3,10,0
0,1431655765,229376
0,262110,0
-1048552,0,0
-1108378655,0,0
0,-48,0
0,262112,0
65506,0,0
-4,-2147483648,0
3,8,0
0,60,0
4,518,0
63,1,0
9,0,15
0,0,2097185
0,0,224
0,-2078209982,0
0,1431655792,0
229376,0,-1419158870
0,65536,32
44585728,-65537,0
0,-613566756,0
0,1,2048
3,31,0
1712745613,0,0
-2097216,0,0
1,0,6
0,24576,0
0,0,2147483611
0,0,262113
0,0,134217732
0,-9,1
536870912,0,-67108865
0,-262138,0
3,-65534,0
0,4,-4
-65501,0,0
-34,0,26
0,30,1
-65536,4,0
0,0,-1908874354
0,65539,605929196
-1,0,196864
0,2147483639,2
-124,0,0
-1,-2147483647,0
0,524290,4
0,-167772135,0
65535,218103808,0
0,262171,0
0,0,-60
0,0,-2097152
0,917518,0
0,-1048577,0
536870915,0,0
8,-65537,0
-65495,0,0
0,2147483635,0
8,0,7
-1,15,0
0,7424,0
0,0,-2147483599
0,0,65487
0,8160,0
0,0,2147418128
0,2147221500,0
0,776,0
0,-2147418116,0
1073741808,0,0
0,1039104991,0
-2147483643,0,8
0,536870904,0
2146435072,0,0
0,-2147418130,0
29,12,0
0,2147483613,0
-1933174800,-214308856,0
-31,0,32
771727361,0,0
2097168,0,0
536870943,0,0
27,0,27
-2,0,12
983025,0,0
0,1,23
-65521,131056,0
0,15,8
0,0,-1073741816
21,0,-6291453
0,0,484915663
-2147483586,0,0
-7,0,-2147483648
0,0,4099
0,0,268431362
120,0,0
1073741824,0,1
-30,65535,0
0,-1108378658,0
0,0,-65473
1,-2147483646,0
-16,1,0
0,683008,0
0,-2147418096,0
65565,0,0
-1,0,-2
0,0,-1073741823
4,0,-31
0,-72,0
0,-1070787601,-163386369
2,0,-2
31,15,0
0,29,-2147483641
3,24,0
0,2147352577,0
1,0,-32768
0,65507,0
0,0,2621440
0,-2,32768
268435453,0,0
0,-2031612,0
0,134218903,0
516,0,0
0,134215712,0
32,0,-3
4095,0,-226554962
0,0,-122
0,19,0
-1572864,0,0
2147483619,0,0
0,65565,35
0,0,-65791
2,65519,0
2139095040,0,0
-942259967,0,942194433
0,0,67107840
-613566756,0,0
0,0,-393216
5,0,16
0,17,-2147483647
2147418111,0,0
1628700672,12426,0
-2147483646,1,0
2,-2,0
24,1789220137,1
32,0,131071
0,-8388600,0
-65535,0,436207616
0,0,-2147418115
268435448,0,0
-65536,1,0
0,0,2147483636
0,65536,28464
0,67107840,0
0,-2097153,4194305
1020,0,0
0,65531,1
0,715827882,0
9,0,-2147483648
32737,0,0
0,0,-34
0,972750848,-65537
0,-20,0
0,-2147418129,0
-2147483642,0,1666414344
0,633169809,0
134217728,0,65534
0,0,-196576
0,0,134217697
0,0,-20
134217732,0,0
21,-2097136,0
2147483646,1,0
1688823933,4,31
1048528,0,0
1431655798,0,0
0,-1,-2147483647
255,0,-1
65534,65534,0
2147483647,2147483646,-2147483648
536862723,0,0
8,30,0
0,0,-131068
0,131006,0
0,-3,16
-10,0,1
-2147483646,-2147483648,0
0,0,1073774592
0,0,2113
1861152495,0,0
32,-8,0
-768,0,16777216
0,40,352288053
152,0,0
0,1,-2147418112
0,0,-1431655752
0,-7,-2147483648
0,0,8159
0,0,-39
-2147483647,8,0
2,0,9
131006,0,0
1,-13,0
-415641997,0,0
0,65472,0
0,1032,0
0,2147483646,2147483647
16,7,0
16,16,-31
48,0,-2147483647
2147483646,0,2147483646
0,192,-398386761
2147483645,2,0
48,0,-32
0,-2147483646,-1879048192
0,0,1431655787
2147483646,0,1
-373475417,0,0
30,21,0
0,58,0
0,0,4101
0,0,65506
0,0,67108860
0,138547332,0
9,6,0
0,0,7
0,524312,0
8388864,0,0
0,61,0
0,-277094667,0
0,5,33
0,-262108,0
8,4,0
0,-1431616425,-32643225
-2147483392,0,0
0,65480,0
0,0,-65508
2147483634,-948226918,0
0,8,17
0,131039,0
0,0,131041
0,-1108378655,0
2,9,0
-34,0,0
0,16,-8
0,0,-65544
0,0,-4063
2048,0,1073743872
0,57925408,-335544320
33,0,1
0,0,60
0,0,65495
0,-17,-17
-2147483584,0,0
0,8,15
0,4110,0
0,-2137436797,-1722973440
31,0,-715827883
1,34,0
0,0,2031648
0,253952,0
-2147483645,-1,0
8,0,256
0,1572864,0
0,268369920,0
0,0,1073741854
1073776256,0,0
32,6,0
0,1643284881,0
8704,0,0
-2147483647,17,0
0,0,-53248
8,1,1
1431655775,0,1431655767
0,1476395009,1476394990
-7,0,31
2147483646,2147483646,0
0,-65515,0
1,0,-9
-262140,0,0
0,0,1431655788
0,0,131039
65535,15,0
-65534,65535,0
0,0,2146435056
0,1073741807,0
0,232,0
35,0,1
-32,0,26
0,0,-2147418122
0,16,9
-2147483613,0,0
1,2097152,0
0,-1,29
32,-15,0
0,0,-715827875
0,10,4
-4,0,1
4,0,5
0,2147483628,0
3,0,12
0,-32,1
16,2,0
1879048191,0,0
12,4,0
0,1,2147483615
0,507904,0
-2147483554,0,0
0,65555,0
1,0,-1048592
0,65536,46239
0,0,67
-1073741821,0,1
-2147483646,0,1129578496
0,-2147483646,-2147483647
2147483621,0,0
0,0,-131056
-131039,0,0
0,-2097184,8
0,0,-65501
55936,8,0
30,0,20
59,0,0
613566757,0,0
5,0,-31
0,2047,0
8,0,65536
384,-1,0
0,0,-61
0,0,-21
-2147483648,-31,0
0,-2147483634,0
-536870880,0,0
-131073,0,0
2,30,0
-1056646772,476518235,0
-2113929208,33554432,0
0,20,1
-4093,0,0
0,40961,-40961
-692736660,0,0
3,63,0
-2147418108,0,0
0,65535,15
1,65536,0
0,0,-2147483634
1,1,4
0,17,17
134744072,0,0
0,262148,0
17,16,0
0,0,65502
-2147481601,0,0
1431656099,0,0
0,-131072,0
2147483616,0,1
0,8388600,0
-2147483619,0,0
5,0,65536
17,65534,0
7,4,0
-2,-32,0
453190369,453190369,-3
2147418117,0,0
0,3,65536
-63,0,0
36,-1,0
65536,0,16777216
2,0,-2147483647
8186,0,0
-1288490189,0,0
0,1073741792,0
0,0,-2147483628
8195,0,0
0,0,65516
31,2147483647,0
2490368,0,0
2097160,0,0
131075,0,0
0,32,65536
-2040,0,0
0,524288,131070
0,2147483619,0
17,17,0
-196624,196625,0
7,16,0
0,-2147418097,0
2147483632,-1,0
-7936,0,0
5,0,65534
15,0,1
0,-2147483646,1
65011712,0,0
0,-2147483645,1515529514
0,0,-393215
0,-715827880,0
2,6,0
0,0,8388592
0,-32768,-125891533
0,0,2147418081
-2147483626,0,0
0,0,1039107105
0,99,0
0,5,16
0,2147483646,65535
9,131070,0
-1385473320,0,0
16,0,-16
0,-1,8192
0,0,1412567313
-3,0,-7
0,-65505,0
0,0,1362890622
16843009,0,0
-2147483627,0,0
0,0,767
23,0,23
1073741823,1778795968,0
12,0,13
-1060586496,131071,0
715827883,0,0
16,-8,0
0,63,32
17,0,-1
-1716868277,-850044332,0
32,9,0
-138547332,1,0
6,8,0
-2,32,0
0,0,2147483620
65535,0,5
0,-1,65537
0,-59,0
0,0,8388640
0,-2097120,0
24,0,65552
-65565,0,0
0,0,3080192
3,5,0
0,0,536870944
0,-2147483645,1
0,-520602096,0
1073741824,65534,0
460175068,0,0
0,2147418104,0
1,0,30
-38,0,0
0,17,1073741823
0,0,-2147418096
0,4196353,0
0,908636153,925853399
0,0,2147450892
2147483611,0,0
1,8,1
1,-9,0
2147483647,0,30
65527,1431655765,0
0,1,-2147483643
65534,0,16
0,32799,0
0,0,8188
0,47,8
0,0,2146435072
-138566359,0,0
0,-4,2
0,0,32784
0,0,-2031600
29,-1,0
-524289,0,0
-2147483648,-4,0
0,-38,0
0,-1073741792,30
0,-65500,0
24,2,0
0,524304,0
4,0,1431655766
-2031643,0,0
5,0,-2080374783
0,4,-1879048192
0,0,2162687
0,0,-1431655772
0,2147483630,0
0,760,0
0,-288,0
65534,0,65534
-1,0,15
0,0,1908874354
65535,0,-65534
0,0,-22
1,0,-65532
-81260164,0,1496311187
0,-65531,1
-2147483647,0,4
67,0,3
0,0,-2147483619
0,0,2147483630
1073741823,9,0
415641996,0,0
0,0,134744072
0,0,-715827884
268435424,0,0
0,0,1056
0,-1572886,0
0,2098117,0
15,0,16
536854528,0,0
0,65344,0
65536,0,1
65551,0,1437158738
0,-1,-65512
36,8,0
28,4,0
0,-1149239297,-65516
-2147483641,0,31
-49152,0,0
469744911,1806347249,0
0,65499,0
1899943295,0,-121668352
0,0,-2147418137
0,268435458,1
0,0,510
0,0,2073432488
2,-1,-1
13,0,13
0,-2147352577,0
33,-1431655765,0
0,16724309,0
0,0,260
0,257,0
12,3,0
0,-2147483608,0
15,2147463331,0
1025,0,0
65500,0,0
0,-189,0
-1572896,0,0
-2147418104,0,0
-2147418115,0,0
1073774593,0,0
0,0,1245184
0,-954444459,0
0,10,65534
7,10,0
0,-8,2
-607019776,14406045,0
67107840,0,0
453190368,0,67108864
-736,0,0
-32767,0,0
0,0,16711681
65535,62,0
0,0,268435488
0,0,287
2147483646,48,0
0,0,-277094663
0,1,2147483645
0,2147483627,0
0,0,17301504
0,-1431655761,0
0,13107,0
-2,0,2
0,-2068971455,1112997921
-1736263375,0,0
-1,-1,1
0,-1760622592,0
-300373242,62,0
0,0,5888
0,65534,16
-2147483617,0,-1
0,2147483583,0
131070,131070,0
0,0,-7933
0,0,131056
0,15,65535
0,46,0
0,0,168
0,0,1482273334
1,2147483646,0
2097156,0,0
0,448,0
0,0,8200
5,0,5
0,2031624,1
65471,0,0
65535,0,131071
-274477088,0,4096
0,0,65507
-2147483646,0,1
31,-2,0
131071,1386960042,0
32766,0,0
-274146848,0,0
0,-1,-1786166800
0,3,63
0,0,-2147467262
0,0,-477218574
65534,0,65535
2147483626,0,0
438702080,0,13709440
-2,-7,0
-2147483625,0,-1
0,-8128,0
1073741824,1073741824,33
27,0,0
-4088,0,0
0,131070,4
-1,0,-358206108
0,18,4
-56,0,0
0,0,-65471
0,-786443,0
65,-1,0
-2097122,0,0
0,0,851968
0,554189330,0
0,0,268435423
0,132,132
0,2097160,0
67108896,0,0
0,944,0
31,0,-1108378657
65571,0,0
-912710729,-313272839,0
13952,0,5
0,16768768,0
0,0,1039104990
5,17,0
0,528,0
0,640,0
-262150,0,0
-1846938415,-1846938415,31
-533859285,0,0
12,-15,0
0,9,65535
0,1,30
0,1196560,4674
0,-3,-1
0,5120,0
0,286331153,0
0,30,915537919
32,-2147483647,0
0,-5576960,-1671656080
65535,-65534,0
0,0,-136348168
0,0,2078209983
0,-1019826240,-4
0,0,-2147418108
0,1,1431655767
0,-34,0
-335521612,0,-335501489
128,32,0
2147483647,0,2147483646
0,0,-66
0,-393228,0
0,16776968,3
-1507351,0,0
0,0,-2147287039
6,6,0
-2017,0,0
-2117564162,-1,0
0,1007554792,-1421664924
0,32,10
524280,-8,0
2147483647,0,-2
-1431655744,0,0
0,6,223
16,15,0
0,0,-1021566615
2,1,1
6,0,5
0,0,536838145
0,-2147483632,1
8,8338,0
0,0,-65540
-9,31,0
0,2147483645,2
18,-2147483647,0
0,-715827886,0
9,444698976,0
1798569984,6861,0
0,-30,65535
-65518,-536870913,0
0,0,-2147483136
-969831325,0,0
31,0,5
8,-6,0
0,516,0
-808484848,0,0
16,15,-31
0,0,-436207642
0,-1060586496,-65532
0,-1264,0
-2,8,0
-2147483648,9,0
64,8,0
0,-65471,0
-1,5,0
8188,0,0
0,79,0
0,-25,0
0,0,-2147483621
0,268431360,0
0,-715849728,0
2228224,0,0
0,0,-1431655767
0,1,-12
134217836,0,0
0,31,2147483645
0,-1,2147418114
0,-5,1
0,0,138547332
85,0,0
131073,0,0
0,14,1
2147483646,3,0
0,0,2147483621
-65551,0,0
0,16777183,0
0,4,-29
0,2031617,0
-616186176,-32,0
1048626,0,0
715827881,0,0
0,2031600,0
0,-1342143220,0
48,2147483646,0
65535,65534,30
0,0,134217730
13,4074,0
0,0,262175
0,2147418129,0
1074233358,0,0
117,0,0
0,0,131058
0,0,-2147483624
0,0,858993459
61,0,0
131064,0,0
0,2147483644,1
2032,0,0
-1,-1,-2147483647
0,-1431655744,0
30,0,31
5,5,0
0,0,-1108378653
0,-260301048,0
268427264,0,0
16,0,65551
0,-257,0
0,1048564,0
0,1108378625,0
1717986919,0,0
0,33,-2147483648
2,0,4174
-2097152,0,0
0,15,-1
0,0,1504
-65537,-2147483648,0
0,0,-1431655771
0,-969831325,0
0,2147418115,0
1,0,65533
134215681,0,0
2147418143,0,0
0,-31,1073741824
0,0,-1108378673
0,-1430964224,0
0,31,17
0,16781313,0
0,0,43690
0,1,18809120
18,0,-1453675859
1,0,2147483636
2143080,0,16
0,2147483640,1
0,4127,0
-2147483648,5,0
0,-127,0
1073741824,-2147483644,0
-524304,0,0
1,-29,0
16380,0,0
0,0,736
-1431655680,0,0
0,-2147483600,0
0,1,-7
0,0,8223
0,0,-1712745612
0,5,65535
8388600,0,0
65535,1048592,0
0,0,-477218589
-61,0,0
544,0,-1
0,1430866523,65533
-2147483617,-2147483489,0
0,268435425,0
1,0,2147483645
0,2031615,0
6976,0,-4
0,1431658496,0
0,0,-1073741827
0,0,312
-2147483648,1,-2147483648
0,0,131074
488,0,0
0,-1073741856,0
16777120,0,0
0,0,-2147475457
0,8388639,0
0,1431655751,0
18,0,1
0,0,131
2146959344,0,0
0,117440515,0
67108896,-67043329,0
0,-65472,0
2035949,0,27
0,4,268435455
196608,0,131072
0,0,-25
0,0,276890620
16,0,32783
0,0,800
0,0,1073758208
0,16776968,0
0,67106816,0
-65537,1073741824,0
496,-1,0
0,1073741816,0
0,0,71
-7,0,-2139095041
0,134217696,0
33489168,0,0
0,0,-2032
0,-917110784,134247939
-2147483646,0,-2147483648
32,33,0
0,65548,0
0,0,-1108378655
0,0,-131069
0,65532,1
27,0,1749801491
0,2097151,0
4,6,0
-2147483616,1,0
0,0,253
-68,0,0
4194304,65536,4194304
0,0,1073741855
-268402688,0,0
-633169809,0,0
0,0,65515
0,1048559,0
-2147483632,0,-1
-6142,0,0
1,131070,0
0,-985656021,0
0,-2047143421,2051210633
0,65534,-2147483647
4,7,0
0,-12256,0
0,0,-37
0,0,-1431306240
268435444,0,0
4096,4096,0
0,0,52
0,2293760,0
-1,2048,0
0,0,2147483625
0,0,2147483619
-2147483648,0,5
0,0,-65507
65501,0,0
-65502,0,0
3,1,1
-2147483614,0,0
0,-1980765139,0
0,0,-277094660
17,5,0
0,-2016,0
0,0,-2031616
0,131,0
464,0,0
-9,1,0
0,0,-2147418109
0,-136,0
0,-240,0
15,286331155,0
7,0,24
0,-1900573,0
58,0,0
0,0,1040
-2147483647,0,5
30,0,5
0,-262132,0
0,2147450881,0
-1342177285,0,0
32,256,0
33,0,32
0,108,0
-2147483648,0,62
0,-131038,0
65515,0,0
-1,65534,0
-1270956937,32767,0
-2,24,0
0,0,-2147418130
0,65487,0
12288,805306384,0
1688823933,31,2147483647
65536,31,0
0,0,1108378688
1,1,31
-1,9,0
0,-2147479553,0
0,17,8
8,-16,0
0,0,263168
-496,0,0
0,65553,0
0,-19,0
-2147483647,0,8
0,0,-2147352577
0,-2054314914,1490699744
0,69271552,0
0,0,-46
1507352,0,0
0,0,8388610
3,131070,0
0,-1073774593,15
0,0,572662306
0,536870879,0
0,65535,-65537
32,65534,0
1908874354,0,0
1,65539,0
-4063,0,0
0,0,442351155
-2147483629,0,0
0,0,2147483635
0,-62,0
-2147483633,16,0
-1,-1048592,0
0,88741777,2147483639
0,0,1852838598
0,-3,1
0,0,32776
0,2147483631,1756026021
-1,0,2304
0,0,7944
4,268435456,1
-41,0,0
0,7,16
0,268435472,0
0,8,24
0,0,262012
0,8,131070
32,0,30
3,28,4
32,0,-2
-154170236,0,-77085119
17,0,32
0,-2147483642,1
0,793633,-554180641
-2147483648,-65537,0
0,65535,-3
0,-2147483646,-2147483648
0,7,-1
0,0,-2097136
0,0,-125
0,0,1048573
2147483639,-245366784,0
0,0,1879048192
0,22,-2146435072
65535,30,0
0,0,325533877
0,65504,1
8193,0,0
0,2078209982,-1431655766
1524020654,0,0
0,40,1
0,33,33
0,328,-1
0,0,-98303
0,524284,0
73,0,0
0,65549,0
15,0,8
0,-1,2147483646
-3145776,0,0
-13395661,0,0
0,65550,0
1,32767,0
0,0,2097186
-2147483644,0,1073741824
-62,0,0
0,-2147483648,33
0,786433,0
0,0,2147418120
0,1073725440,0
0,-122,0
0,-1593294320,0
0,0,-2147467264
-2147483647,1,1
0,-5,65535
0,0,1048592
-4,1,0
0,0,831283985
3,0,17
65502,0,0
0,0,-19
-966361083,0,0
0,2147352574,0
1688823933,31,3
8,337,0
0,0,2078212096
0,262143,0
0,14,-805355521
0,0,8388639
0,2097093,0
11881205,0,-1253378812
1,2147483631,0
-2147483632,-3,0
12,0,32
0,0,57344
-8388608,-2147483648,0
93,-716002646,0
268435438,858993440,0
0,196611,0
-13,1,0
0,-2147483640,8
4128768,0,0
8,12,0
0,0,692736661
0,-2147483400,0
0,31,-2147483646
0,0,-8388864
0,32,-32
15,-2,0
30,4,0
65535,131070,0
1,-1048592,0
0,-357797319,9207
0,0,-524278
0,134217759,0
-2147483638,0,0
0,524311,0
0,0,518
0,0,1073676288
-65537,8,0
0,-37,0
1789569707,0,0
0,65536,7
0,-1032,10
0,24,16
0,65534,-1
0,0,528
1,1073741823,0
0,0,-65664
0,0,-1431655775
0,0,-1027685728
0,-2147287040,0
126974,0,0
0,2139029503,129
-810876928,810811391,0
0,2031584,0
0,0,-524264
65534,-2147483648,0
-15,0,1
67110912,0,0
35,0,32
5,0,2147483647
-32,0,16
0,65535,-65534
1,0,96
32,0,33
0,-65534,-1
0,0,-136
1744463588,0,1744463584
0,15,-2147352576
-2031618,0,0
0,-65499,0
0,-2147483584,0
0,-718624043,-65524
536870896,0,0
0,8388610,0
0,0,1342177283
4,123855,0
-2147483646,0,65535
0,31,-2147483647
2147483647,1002219536,0
0,-65503,1098389650
0,0,1431655777
33,33,0
0,0,-715827880
1073741824,65535,0
1682054050,-2147425213,0
1431633920,0,0
1431655782,0,0
0,0,-2046525442
0,8,949
0,65534,-2147483648
0,1,-2147483617
0,-18,0
2147483646,0,16
1325582105,0,0
-1854746543,0,0
2147418100,0,0
0,0,-2147483627
0,67108836,0
2147483646,0,65535
-3,0,31
0,-65513,0
0,1,2147483646
-2,-2,0
-2147418116,0,0
0,0,131069
0,991146299,0
0,0,-524288
131103,0,0
65522,0,0
-1431743148,0,0
0,30,-2147483647
1048584,0,0
5,0,3
1108378665,0,0
-993,0,0
0,0,2147418121
0,0,46
200,0,0
0,31,5
0,2147483624,0
0,-2147483521,0
0,-1769499,28
0,-32800,0
-2078212095,0,0
0,17,65535
0,-2147418128,0
-2147483608,0,0
-21845,0,0
98303,0,0
-24576,24577,0
65504,0,1
-1432966438,0,93
1190405867,0,-8
0,2147418112,1
1,2147483632,0
0,995,0
0,2147483638,0
0,-52,0
0,-131064,1
8,-2147483647,0
-2147483612,0,0
0,-2147483647,-1
0,-2147483585,0
0,-760,0
0,262172,0
0,2147483584,0
0,-17408,0
1,0,-24
0,-2147483648,33554432
1,0,65527
0,-65537,2
0,0,-715827881
0,0,560
-554189324,0,0
0,0,-1108344832
-2147418143,0,0
-2147483648,134217728,0
0,0,536887296
0,0,7940
-2131341305,-65504,0
0,1,65503
131039,0,0
278532117,0,0
0,0,1108378656
-4080,0,0
0,-2147483617,1
2147418081,0,0
0,1048574,0
1798569984,0,6861
-1024,0,0
0,-253,0
0,0,2031664
65537,16,0
95,0,0
-1431655765,-2147483648,0
1048576,0,1
-2016,0,0
392,0,0
0,5,64
-247,0,0
2147483264,0,0
0,0,-2147477504
32752,0,0
0,-1749098496,9906944
0,1,134217729
4063,0,0
1073741821,0,0
-1,0,-277094664
-1431655758,0,0
3539762,0,453089536
0,11,-1
0,6,-3
0,65535,-7
0,0,-1879048194
2147483614,0,0
0,2120220704,32352
0,0,-2147481599
0,-65501,0
44,39488,0
0,4,24
134217729,0,1
0,0,-833855397
0,130021375,0
0,-1288490189,2
0,0,1055
0,556010356,0
-327680,0,0
0,4194256,2
6,0,131089
0,0,65553
0,0,-2147483626
0,0,536870904
65496,0,0
-1,2147483646,0
0,2147418088,0
-1,5120,0
1048607,0,0
-31,0,31
0,1785862,457172480
0,5,8
2,0,48
0,0,8189
-3,12,0
0,0,-1431655750
-65542,0,0
-4,0,16
0,512,4
0,32737,0
0,0,8190
0,4,17
0,-32,32
32,134217728,0
0,0,2147221512
1,0,-65503
2147483640,1,0
0,-134184166,11
-2,0,32
0,-2147483630,0
0,0,-40
1431655763,0,0
33,65535,0
0,38,-1420465494
0,1048560,-16
0,2147483632,16
-1108378657,0,16
0,-2147483612,0
524322,524288,0
0,736,0
-1486263646,0,10971506
0,0,-2147483629
7,0,8388452
-2147483646,0,3
12288,0,0
0,0,268435448
2031647,0,0
0,1431655768,8
0,-65511,1
0,0,2147483626
2,48,0
0,-65503,-1
24,-15,0
0,65544,-1
-2147483599,0,0
1,-786444,0
-6140,0,0
0,-5120,0
0,976,-1420515990
0,-2147483625,0
16777130,1,0
0,0,159
0,-1820947340,0
64,-2147483648,0
0,-2147483645,-2147483648
0,0,1108378659
0,-2013265921,0
0,0,-2147483638
496,0,496
-268460118,0,0
-2147483616,0,1
-2146959360,0,0
0,0,524311
-9,0,-1
0,-65535,1
-1431633931,0,0
0,9984,0
-524272,0,0
0,2147483585,0
10,2,0
0,0,-55
1,-31,0
0,0,-2147483630
0,2,131071
0,0,2147483638
0,8,-65537
0,-2147483613,0
16,-2,0
65529,0,0
0,0,196612
1385518773,-2147418112,0
-65543,0,0
0,0,131040
0,0,1792
0,0,-1738952146
2146435087,0,0
-2147221509,0,0
8,0,5
0,0,503
-1,0,28
0,-131074,2
0,536870880,0
12,32,0
1835036,0,0
0,-2,16
0,65534,65534
4,0,-2147483647
268451841,0,0
30,0,-1
0,-1073741840,0
-8,0,48
0,536926208,0
24576,0,0
1227133513,0,0
65555,0,0
0,2147483612,0
0,-1535,0
-1263677301,-543019067,0
134217726,0,0
2147483608,0,0
-2147483633,0,-2147483633
0,65471,0
0,0,32752
-65515,0,0
35,-1789569710,0
-8,0,24
0,8,-6
495,0,0
8,7,0
0,1227133513,0
0,-1586495445,-1272070493
0,-2139094781,0
32760,0,0
0,0,1332920885
-2147483647,0,31
2146369536,0,0
0,0,-1769499
0,66268,0
0,65503,65503
2147418116,0,0
0,1073759712,0
0,-494,0
1023,0,22
1900573,0,0
-4,0,12
20,0,3
1,0,262144
0,9,31
30,0,4
0,0,122
0,0,8388600
0,536936447,0
0,0,272
0,8188,0
0,-2143289408,0
0,0,2147483629
224,0,0
-1,-33,0
2147483631,0,444698976
0,536870912,8
0,-1048592,1
0,0,327675
4094,0,0
0,-1,-4
0,2147483631,1
-3,0,-11
0,0,-1593294319
0,34,1
0,692736661,0
0,16,-2147483647
-31,16,0
957874189,0,957874176
0,0,65523
0,1,512
9,14856,0
0,-1108378657,1
-2147483609,0,0
0,87380,0
0,48,-3
-252645136,0,0
0,1,-65536
2147483636,0,0
2147483639,2147483639,0
1895406975,0,0
0,-1431655763,0
0,1879048193,0
33,5,0
0,5,2
-16,0,1073741824
7,0,-2147483647
0,0,16768768
0,0,99
1,0,23
9,55984,0
0,2146959359,134217728
1870388984,0,0
-1908874353,0,0
0,-2147483629,0
1430565544,0,2048
0,0,-65488
0,65535,-1431655765
0,0,-613566758
0,-524248,0
136,0,628370968
0,-2143483267,0
0,272,0
2146500593,0,0
-1073709055,0,0
68161539,0,-1
0,4194854,0
-831283968,0,0
258,0,0
0,-15,16
1,0,-65512
0,0,2146959352
0,0,2031588
0,31,-31
131071,0,1
-31,0,12
-262112,0,0
0,8,-2031647
0,16,2147483646
-129,-129,0
0,1,-14
0,2147287037,0
-2147483610,0,0
7,0,16
-2147483648,0,-7
5,4,0
-1433185110,1,3
-1,1,1
8160,0,0
256,1,0
51,0,0
2147483647,0,-3
0,32,-2147483646
0,0,-1431655424
0,255,1
0,0,536870920
1296892813,-893458272,0
2147483647,-3,0
0,0,-2147483583
0,1108378686,0
0,-447890633,1255216505
0,2097408,0
1431655772,0,0
0,67108861,0
1,30,0
0,5888,0
0,-239,0
3,0,7
0,-2147418105,0
0,0,1073741816
0,0,-2016
1431655771,0,0
0,8161,0
0,0,196610
0,-524279,0
0,0,-268435452
-131070,0,0
-1176514607,-32768,0
0,65515,0
0,-2147483619,0
196607,0,0
0,-858993445,0
8,15,0
0,65534,65535
-30,0,24
0,0,1431677600
0,0,-1385473325
0,0,1026
0,0,2147418129
0,0,8126464
0,524319,0
-65537,0,2147483647
0,2147418117,0
-2147418112,0,8
0,3,-3
131070,0,16
2147483647,5,0
-65535,65536,0
0,-252645105,0
0,2147483647,-2147483616
-3,0,12
6,-2147483648,0
-1,65536,0
0,0,263
-262113,0,0
-2147483648,0,-536870880
0,-2147418111,8
0,0,1073741812
0,554189328,0
0,-2,31
0,0,-2147483600
-715849728,0,0
0,2134087987,0
0,0,1193046471
0,-554189324,0
0,0,-2147450624
-2147418130,0,0
0,0,2147483614
8484914,0,1
-2147483648,-8,65534
-1431655761,0,0
0,36,1
-2097154,0,-65535
0,-524296,-3
1,0,-26
0,-63,0
-1073741824,65535,0
0,-31,16
32767,17,0
8,32767,0
1207992568,1207894274,0
-3,0,754730976
-2147483615,0,-1
2147483647,2147483646,2147483647
0,524249,0
0,-31,2147483647
0,0,65488
2147483646,0,805306366
266925637,-1,0
-65525,0,0
0,-8,533057110
0,0,8388576
0,0,-8448
-5,0,1
7,-1082196484,0
-2147483646,0,48
1073741822,0,0
17,-1,0
0,-2147483627,0
0,805289983,0
0,14,-6
-32,2,0
-44,0,0
-8,0,32
0,134217697,0
2147483645,0,2
0,-524272,0
27,0,1
0,0,-2147352575
-2147418129,0,0
16,-2147483647,0
-2013265890,0,-2147483618
16777216,0,0
0,8388604,0
0,-8,65535
0,0,720896
-2147482879,0,0
0,2147418138,0
67108865,0,0
0,20,-2147418114
0,-1431655770,0
0,-1712745612,0
0,30,2
0,4065,0
65536,4,0
0,1,-65504
65519,0,1
-7,0,16
0,2097149,0
-31,32,0
0,2147418114,0
0,0,134281739
0,0,-2147474954
0,1420145836,8193
-2147483647,10,0
2097155,0,0
0,0,-2146959367
0,0,1278086927
2147483630,0,0
0,65500,0
0,393229,0
1049056,0,0
-12,0,1
2147483633,28,0
0,0,-974158880
1431655797,0,0
3,65534,0
0,0,2097162
-1342177279,0,0
1,768,0
0,0,1431655797
2147483613,0,0
0,-1977563223,0
-1,1,-2147483648
-510,0,0
33,0,24
-1108376543,0,1
-3,1,0
0,-212801024,510270784
0,16382,0
0,0,58
1023,0,0
528,0,0
-149508433,-1351313487,0
-134217776,0,0
1108378658,0,0
65535,-30,0
0,-1073741824,2
-3,8,0
-36,0,0
65503,65503,0
0,0,65279
1431633931,0,0
0,0,954437177
134217744,0,0
137,0,4
0,3211264,0
0,-262140,0
0,-2145386464,0
-126,0,0
2304,0,0
67106816,0,0
576,0,0
1964318550,0,728742630
0,65533,-448452736
0,0,-65474
0,8,-847249408
0,268532492,0
0,0,2147155968
0,0,-2078144447
0,-47,0
0,54214133,-562508896
-7,533278758,0
1291440067,0,0
0,2147376640,0
0,44,0
0,536870896,0
0,0,1712745611
0,131073,0
0,0,262144
0,0,715827893
0,-14,8
0,1193046471,0
0,2147483608,0
-96,0,0
0,-1,2147483632
0,-715827882,0
2147483647,-2147483647,0
131070,0,1
1,0,256
32,0,-33
0,0,-65522
2147483647,24,0
1774008231,0,0
1,1,3
0,0,805355523
0,536870918,0
0,-134217729,0
1966081,0,0
0,65392,0
0,55936,-3
65527,0,1
1048576,-459859139,0
0,-31,12
0,-2147483607,0
131071,0,31
30,30,0
0,0,-2147483608
0,65535,-2147483646
268431360,0,0
1073741824,0,-2147483644
0,0,-126
65534,0,6
0,196608,1
0,196610,0
1,0,-30
0,67108895,0
0,131064,0
0,-268500991,0
0,-961,0
0,65,5
0,0,2147483637
131,0,0
0,286,0
8,65534,0
65549,0,0
0,0,-2147483524
0,8,768
-1,-1,444698976
0,1431655764,0
29,65535,3
-2031617,0,0
0,0,252645135
0,-65,0
0,0,1022
0,833855399,0
-2147483648,30,0
0,1,992
214748365,0,0
0,-2046834705,2046834706
0,-65517,0
0,524296,0
-2147418081,0,0
0,-1879048192,150994942
-4092,0,0
0,0,43
0,1073807360,0
-2,12,0
312,0,0
0,-1630437396,65504
983041,0,0
8,-2,0
2147467264,0,0
0,0,-2139095042
0,-1246925989,0
1431677611,0,0
0,0,-3840
1147740256,-1,-1
0,-2147418122,0
0,1,62
0,63,1610612789
63,-1,0
1385538856,0,0
0,1,47
16768768,0,0
0,1610612738,0
0,26880,-7
0,0,33553928
0,0,8184
-117440497,-1875692747,0
-2147483647,6,0
128,16,0
17,0,2147483647
32768,30,0
2147483640,-1,0
92,0,0
0,0,131086
-65496,0,0
65528,1,0
0,0,1073741856
0,8191,8191
-2020984132,65567,0
12032,0,0
0,0,-1908874353
0,0,-52
0,-8,2048
33,1,0
0,-65506,0
0,-692736660,0
0,1712745610,0
2147483623,0,0
0,0,524304
0,-116,0
0,0,8196
196612,0,0
349022981,0,8192
0,0,-2147418110
-131006,0,0
0,0,1048584
0,1172308384,1172325440
131071,0,-32
0,524536,0
2048,-724905261,0
65535,0,-65535
-1712745611,0,0
32,0,-2147483646
0,-2147221508,0
0,-4,1
0,-32768,1
8,9,0
2147483388,0,0
0,536870943,0
524289,0,0
0,1,2147483616
1108787549,0,72
536870944,0,0
0,1,-65535
0,0,268500993
-1288424651,0,-1073741819
0,2097154,0
113246208,8,0
0,-2147483648,2147483646
256,-2147483648,0
0,0,589824
-262141,0,0
0,-1431655753,0
0,0,2147418096
0,0,2147483622
0,0,-1073741820
4,0,536870912
0,-2096120,0
0,0,49
0,-2147483626,0
-1,-1,6
0,2097153,0
0,1431655799,0
524249,0,0
1073741820,0,0
2147483644,2147483644,0
748945408,2147472220,0
-65,0,0
-16711930,0,0
0,67108856,0
1,0,64
0,0,33554431
10,0,-2130706521
0,-983041,0
0,3,65534
0,-1431655776,0
0,0,16776991
-37,0,0
1,0,-8
2097093,0,0
48,0,-65534
16386,0,0
254,0,0
16,0,2
31,30,0
-2078209982,0,0
0,0,-2147418144
0,768,8
0,0,1073741793
-2147352448,0,0
0,0,120
0,67108866,0
0,-2147483639,-1
0,-65534,8
0,0,65548
16,0,5
-2147483646,48,0
7,0,2147483647
0,16,48
7,65535,0
0,0,2146959360
-2146959361,0,0
0,0,-65509
0,0,3145728
0,524264,0
1,1,2
2013265920,0,0
0,2147483600,0
0,0,-458759
2147418145,0,0
0,0,-4259905
0,0,-1662567984
0,1,27
0,-65535,31
0,65545,0
196,0,0
0,-2097104,0
-2147483623,0,0
0,0,524291
0,2147483647,7
-2078209983,0,0
0,-1246925988,0
12,0,-3
744,0,0
0,16776960,8
9,0,-2147483647
2147418120,0,0
2147483647,-2,0
2,0,851968
4194240,0,0
0,859006566,0
196609,0,0
0,554189336,0
-2145386465,0,0
-16,0,16
0,0,2097216
0,1431590230,0
478644452,0,1
67108832,0,0
199172,0,0
0,-2147483645,-2147483645
0,4063,0
0,0,516
0,-112721915,85668663
0,-819859077,0
0,0,-65543
-2048,0,0
-2147418122,0,0
0,-65496,0
0,0,176
-8,0,8
0,0,-858993460
0,131074,0
442351155,0,0
0,1431655773,0
0,2147483643,16
-1073741822,0,0
65408,0,0
0,8355840,0
1177583005,1,2
0,24,-7
134213632,0,0
3,0,0
0,8224,0
0,1503614472,10903722
16,0,-15
3,0,63
0,0,65496
32,0,-2147483647
0,524280,512
0,65501,0
0,45,0
767498239,0,59391
0,2147418120,0
0,0,-262140
49,0,0
-2147483633,0,2147483647
20,65950722,0
-30,-2,0
0,982635724,-684812179
1048576,0,7
0,11264,0
-2147418109,0,0
65535,2147483646,0
0,47517697,760283616
0,-2097152,0
0,1,2097152
0,0,1048562
29,3,2
0,0,536936447
0,-4087,0
0,0,-2147418080
0,0,2147418080
0,0,2147475200
131070,2,0
-1145324612,0,0
0,-9,-2147483648
0,239,0
0,-2147483621,0
16,0,256
0,65488,0
-327951358,1983507937,0
2078277632,0,0
-30,-2143158272,0
0,0,-2147385344
-1,112,0
-3,0,-2147483648
1,0,27
0,0,752644114
0,-831283996,0
1,0,524288
0,0,2031617
2097148,0,0
12,65534,0
0,0,-268421632
0,223,0
-2147418113,-1,0
0,0,1431590231
-186737708,0,0
4,524292,0
-31,65216,0
0,0,-65506
0,-477218586,0
0,0,458746
12,0,2
0,31,65534
0,32776,0
0,0,131062
0,9,5
-2147483640,0,-1
8388616,0,0
0,0,-1536
0,0,-1048529
2147483152,0,0
2147483620,0,0
31,-4,0
0,31,-1108378657
-2147483641,444698976,0
0,-1689583617,-8
196576,0,0
30,65535,0
0,0,-983025
-992272977,0,0
8388607,0,1
2147483646,-1,0
0,720896,0
0,2097120,1
0,0,520093696
48,0,-47
0,-1,-1073741824
0,1638400,0
-1801115310,0,0
8388352,0,0
0,-5726845,1129540231
1073741825,0,1073741824
-16776960,0,0
0,-1433053867,65532
0,0,61440
8,0,-30
287,0,0
-277143289,0,0
2147483616,0,32
-715827884,0,0
6,-2147483647,0
0,24,-31
-2147483647,0,6976
0,-512,0
1246925989,0,0
0,-188955024,-188955024
-7,-2147483648,0
-3,-2147483648,0
0,1073807358,0
-138547330,0,0
0,31,65536
-2147475457,0,0
0,-2,8
0,0,536862720
0,-131070,0
0,-2147418108,0
5888,16,0
-2147221503,0,0
0,0,65501
-60,0,0
-1926932210,1435679289,0
0,5,5
1431655756,0,0
131071,-2147483648,0
0,-1073741825,0
-15,16,0
8,-4,0
0,-2147418113,-2147483648
8,0,-65537
0,715827883,0
36,0,1
0,5,131089
0,67108863,0
444698976,0,-2147483645
-23,0,653034998
0,0,262125
0,16,6
-1048064,0,0
0,-2147418118,0
23,1,0
2130706432,0,0
2134183584,0,-31
0,0,-132
0,0,869476073
131071,31,0
0,0,-2147483601
23,-2146435072,3
8,-8,0
-1114112,0,0
0,-2147418121,0
-30,0,12
0,1,-31744
-2147483631,0,1
0,1431657045,436
2136063,530055168,0
65536,-2147483648,0
0,-1,131071
0,67108862,0
0,17,-16
0,16,557071
-2147482625,0,0
0,0,2031584
1015808,7,0
65531,0,-1780103653
0,0,268435461
0,0,-2013265920
0,0,131054
1073676292,0,0
453190368,0,-65534
1431655781,0,0
29,1,0
-5,1,0
0,-7,65535
1191686560,0,-1108378657
65536,33,0
0,0,2147483599
0,263789,1
-536156338,1075916881,0
511,0,0
0,-2147483647,24
0,2017,0
0,0,1032
0,0,-65521
0,-2147483648,-65534
5,-2147483647,0
32,1,1
-1431655765,65535,0
-65537,0,-1265116288
0,-1431655735,0
0,65536,16
0,-2139127681,0
1074003999,0,1074004000
0,2147418080,0
0,3,9
16,131071,0
1073729536,0,13
0,0,-536870910
0,-2147483648,65534
0,0,537130240
0,-36,0
0,-2147352579,0
0,0,2147418130
-312312144,0,-65537
30,0,-15
0,0,196640
6,-3,0
32776,0,0
-2147483644,31,0
0,-3,8
5,0,6
1,192,0
0,376,0
0,-524285,0
0,-2147483617,2147483647
715827893,0,0
2031624,16,0
0,65516,0
8,0,15
1016,0,0
1073741856,0,0
30,16,0
-131068,0,0
0,0,203854805
0,614610223,0
0,0,715827881
90315,1,0
2147483643,0,-1
32772,0,0
0,196640,0
0,0,92
33554431,0,0
16,0,6
0,0,-1041204193
30,2,0
-2147418113,0,-1
0,-754647040,754647069
16,0,30
-4,-1,0
192,1,0
-2147483606,0,0
0,-254,0
0,2146959368,0
0,-2147352578,0
4092,0,0
30,3,0
0,9,16
26,0,1
65536,2147483647,9
715698860,0,1032819197
1835008,0,0
0,6016,0
0,0,-65472
131,0,-2147483648
0,2147418108,0
256,0,1
0,-1048529,0
0,31,-7
0,109,0
-6,0,8
0,-1108378657,2
0,-1689649152,-65537
16,0,2147483646
-595129353,1272942251,0
31,-2147483643,0
0,131067,0
-1918582856,-8,0
0,1048529,0
0,1,-65519
0,0,-8388736
1610612736,0,0
-65536,64,0
9,32,0
-35,0,0
0,-1431655792,0
-1942241280,0,-65534
512,512,0
0,0,-32735
0,1,72
0,0,-2147418116
0,2145386496,0
6,0,-30
23,-275985648,0
-2147483617,1,0
5,0,4
0,43690,0
16,0,128
-48,0,0
0,-2146697201,0
268500991,0,0
0,-122589108,2147483643
2147287040,0,0
-1142889139,56197,0
0,-1316199655,0
0,0,-2147483609
0,16,-2147450880
0,1073733632,0
0,287,0
174760,0,0
0,65534,8
-196609,0,0
30,0,1
0,0,-1039104990
0,0,15872
0,-9,9
0,0,67108867
5,0,8
62,-2147483647,-2147483648
0,0,1590728628
7,0,6
0,122,0
0,-1073741791,0
0,0,754138955
0,4,-2147483647
0,16386,0
0,-2147483647,-1073741824
8388604,0,0
-524296,-1253419627,0
0,-2147483647,9
0,131070,8
65507,0,0
0,268173312,0
-1073741820,0,0
0,0,-1835036
0,268435440,0
0,134217730,0
0,1,-4
0,0,65642
43603,-456949137,0
0,1431677600,0
196592,0,0
0,-2031586,0
131063,0,0
0,-2147483648,256
-252645135,0,0
0,0,50529027
32,0,-32
0,-1431655734,0
-15,0,5
0,-2147483646,65535
0,134217738,0
0,0,-536854528
0,196608,8
0,63,2
0,134215681,0
5,720382699,-406662595
0,-4,-2147483648
15,0,-1861152495
0,0,-1618949858
-2,0,4
0,1672412128,0
48,0,-8
0,17,6
256,0,-2
0,0,-2146435071
0,-920350135,0
2147483642,1,0
1,0,-28
0,0,2031640
0,0,-2147483611
-65534,0,31
10,0,1
0,0,3975
4064,0,0
536870912,0,268435456
0,65536,1
0,0,-1227133515
0,0,499
0,2147483614,0
15,23,0
0,66912294,2134903176
-536805377,0,0
0,0,65542
0,262146,0
0,0,-2147418129
0,1,65531
0,0,2147418145
0,1073741855,0
0,0,262108
1382895981,0,-65523
-2147483647,0,12
0,0,2147418104
0,-1,15
36,0,36
-715827881,0,0
0,1,-29
0,68090848,0
0,983041,0
-1179664,0,0
49151,0,0
0,2032027538,0
-1108378657,50397184,0
-1,-65524,0
-65561,0,0
817573759,13049207,0
8,256,0
0,257,256
0,1717986919,0
-268435458,0,0
-1073741824,0,-1073741825
0,0,67108866
536805376,0,0
69630,0,0
4098,0,0
0,1,1073741832
0,-65525,0
0,-1184344849,0
2147483638,0,0
0,0,-138547328
0,16769224,0
131071,65535,0
0,0,536870917
13888,0,-13887
0,65272,0
0,288,0
-8,0,-2147483648
0,-1145324612,0
-1073741824,0,-30
0,16777215,1
0,16777088,0
-2147483648,15,0
1048552,0,0
0,-1073741824,-1073741824
5,30,0
2,0,2147483646
524282,0,0
-2147418096,0,0
0,-484915663,0
0,2,262149
2,0,5
0,-2147221509,0
-536936447,0,0
2013263119,0,8388783
